sort,image,word,x1,y1,x2,y2,x3,y3,x4,y4
0,../Crop_Reports/Bengal Crop Reports PNG/cg1893p3_folder_1\cg1893p3_page_261.png,846,324,288,431,288,431,341,324,341
1,../Crop_Reports/Bengal Crop Reports PNG/cg1893p3_folder_1\cg1893p3_page_261.png,supplement,570,284,1097,284,1097,341,570,341
2,../Crop_Reports/Bengal Crop Reports PNG/cg1893p3_folder_1\cg1893p3_page_261.png,to,1112,286,1235,286,1235,339,1112,339
3,../Crop_Reports/Bengal Crop Reports PNG/cg1893p3_folder_1\cg1893p3_page_261.png,the,1270,284,1439,284,1439,341,1270,341
4,../Crop_Reports/Bengal Crop Reports PNG/cg1893p3_folder_1\cg1893p3_page_261.png,oaloutta,1470,286,1893,286,1893,341,1470,341
5,../Crop_Reports/Bengal Crop Reports PNG/cg1893p3_folder_1\cg1893p3_page_261.png,gazette,1922,284,2305,284,2305,345,1922,345
6,../Crop_Reports/Bengal Crop Reports PNG/cg1893p3_folder_1\cg1893p3_page_261.png,april,2342,282,2591,282,2591,337,2342,337
7,../Crop_Reports/Bengal Crop Reports PNG/cg1893p3_folder_1\cg1893p3_page_261.png,12,2630,284,2713,284,2713,341,2630,341
8,../Crop_Reports/Bengal Crop Reports PNG/cg1893p3_folder_1\cg1893p3_page_261.png,1898.,2758,286,2915,286,2915,335,2758,335
9,../Crop_Reports/Bengal Crop Reports PNG/cg1893p3_folder_1\cg1893p3_page_261.png,.6.,435,492,583,492,583,567,435,567
10,../Crop_Reports/Bengal Crop Reports PNG/cg1893p3_folder_1\cg1893p3_page_261.png,the,624,504,765,504,765,561,624,561
11,../Crop_Reports/Bengal Crop Reports PNG/cg1893p3_folder_1\cg1893p3_page_261.png,class,792,500,947,500,947,559,792,559
12,../Crop_Reports/Bengal Crop Reports PNG/cg1893p3_folder_1\cg1893p3_page_261.png,of,1003,492,1065,492,1065,567,1003,567
13,../Crop_Reports/Bengal Crop Reports PNG/cg1893p3_folder_1\cg1893p3_page_261.png,tenants,1074,506,1325,506,1325,557,1074,557
14,../Crop_Reports/Bengal Crop Reports PNG/cg1893p3_folder_1\cg1893p3_page_261.png,known,1352,502,1585,502,1585,559,1352,559
15,../Crop_Reports/Bengal Crop Reports PNG/cg1893p3_folder_1\cg1893p3_page_261.png,as,1610,522,1681,522,1681,559,1610,559
16,../Crop_Reports/Bengal Crop Reports PNG/cg1893p3_folder_1\cg1893p3_page_261.png,mafidars,1708,502,2013,502,2013,569,1708,569
17,../Crop_Reports/Bengal Crop Reports PNG/cg1893p3_folder_1\cg1893p3_page_261.png,who,2062,500,2199,500,2199,557,2062,557
18,../Crop_Reports/Bengal Crop Reports PNG/cg1893p3_folder_1\cg1893p3_page_261.png,hold,2230,496,2375,496,2375,555,2230,555
19,../Crop_Reports/Bengal Crop Reports PNG/cg1893p3_folder_1\cg1893p3_page_261.png,homestead,2398,496,2755,496,2755,555,2398,555
20,../Crop_Reports/Bengal Crop Reports PNG/cg1893p3_folder_1\cg1893p3_page_261.png,lands,2788,498,2967,498,2967,555,2788,555
21,../Crop_Reports/Bengal Crop Reports PNG/cg1893p3_folder_1\cg1893p3_page_261.png,free,2996,500,3129,500,3129,557,2996,557
22,../Crop_Reports/Bengal Crop Reports PNG/cg1893p3_folder_1\cg1893p3_page_261.png,of,1305,572,1395,572,1395,647,1305,647
23,../Crop_Reports/Bengal Crop Reports PNG/cg1893p3_folder_1\cg1893p3_page_261.png,rent,1390,583,1553,582,1553,646,1390,647
24,../Crop_Reports/Bengal Crop Reports PNG/cg1893p3_folder_1\cg1893p3_page_261.png,consist,1602,578,1831,577,1831,633,1602,634
25,../Crop_Reports/Bengal Crop Reports PNG/cg1893p3_folder_1\cg1893p3_page_261.png,chiefly,1858,569,2087,568,2087,646,1858,647
26,../Crop_Reports/Bengal Crop Reports PNG/cg1893p3_folder_1\cg1893p3_page_261.png,of,2116,574,2183,574,2183,629,2116,629
27,../Crop_Reports/Bengal Crop Reports PNG/cg1893p3_folder_1\cg1893p3_page_261.png,sahars,2232,571,2479,570,2479,642,2232,643
28,../Crop_Reports/Bengal Crop Reports PNG/cg1893p3_folder_1\cg1893p3_page_261.png,pans,2526,572,2707,571,2707,640,2526,641
29,../Crop_Reports/Bengal Crop Reports PNG/cg1893p3_folder_1\cg1893p3_page_261.png,sanais,2754,570,2973,569,2973,629,2754,630
30,../Crop_Reports/Bengal Crop Reports PNG/cg1893p3_folder_1\cg1893p3_page_261.png,and,3002,575,3125,574,3125,630,3002,631
31,../Crop_Reports/Bengal Crop Reports PNG/cg1893p3_folder_1\cg1893p3_page_261.png,such,1302,650,1455,650,1455,707,1302,707
32,../Crop_Reports/Bengal Crop Reports PNG/cg1893p3_folder_1\cg1893p3_page_261.png,like,1482,640,1607,640,1607,707,1482,707
33,../Crop_Reports/Bengal Crop Reports PNG/cg1893p3_folder_1\cg1893p3_page_261.png,who,1636,652,1777,652,1777,707,1636,707
34,../Crop_Reports/Bengal Crop Reports PNG/cg1893p3_folder_1\cg1893p3_page_261.png,live,1804,650,1929,650,1929,707,1804,707
35,../Crop_Reports/Bengal Crop Reports PNG/cg1893p3_folder_1\cg1893p3_page_261.png,on,1958,668,2037,668,2037,705,1958,705
36,../Crop_Reports/Bengal Crop Reports PNG/cg1893p3_folder_1\cg1893p3_page_261.png,the,2042,640,2171,640,2171,705,2042,705
37,../Crop_Reports/Bengal Crop Reports PNG/cg1893p3_folder_1\cg1893p3_page_261.png,margin,2198,646,2443,646,2443,719,2198,719
38,../Crop_Reports/Bengal Crop Reports PNG/cg1893p3_folder_1\cg1893p3_page_261.png,of,2466,640,2539,640,2539,703,2466,703
39,../Crop_Reports/Bengal Crop Reports PNG/cg1893p3_folder_1\cg1893p3_page_261.png,subsistence,2576,640,2959,640,2959,705,2576,705
40,../Crop_Reports/Bengal Crop Reports PNG/cg1893p3_folder_1\cg1893p3_page_261.png,and,3000,650,3125,650,3125,705,3000,705
41,../Crop_Reports/Bengal Crop Reports PNG/cg1893p3_folder_1\cg1893p3_page_261.png,the,2292,711,2431,710,2431,774,2292,775
42,../Crop_Reports/Bengal Crop Reports PNG/cg1893p3_folder_1\cg1893p3_page_261.png,lieutenant-gover-,2488,718,3127,715,3127,779,2488,782
43,../Crop_Reports/Bengal Crop Reports PNG/cg1893p3_folder_1\cg1893p3_page_261.png,nor,317,806,463,805,464,874,318,875
44,../Crop_Reports/Bengal Crop Reports PNG/cg1893p3_folder_1\cg1893p3_page_261.png,agrees,450,820,667,818,667,872,450,874
45,../Crop_Reports/Bengal Crop Reports PNG/cg1893p3_folder_1\cg1893p3_page_261.png,with,694,803,849,802,849,857,694,858
46,../Crop_Reports/Bengal Crop Reports PNG/cg1893p3_folder_1\cg1893p3_page_261.png,the,876,801,983,800,983,856,876,857
47,../Crop_Reports/Bengal Crop Reports PNG/cg1893p3_folder_1\cg1893p3_page_261.png,collector,1012,800,1323,798,1323,856,1012,858
48,../Crop_Reports/Bengal Crop Reports PNG/cg1893p3_folder_1\cg1893p3_page_261.png,that,1360,798,1501,797,1501,854,1360,855
49,../Crop_Reports/Bengal Crop Reports PNG/cg1893p3_folder_1\cg1893p3_page_261.png,these,1542,798,1715,797,1715,857,1542,858
50,../Crop_Reports/Bengal Crop Reports PNG/cg1893p3_folder_1\cg1893p3_page_261.png,men,1758,795,1901,794,1901,855,1758,856
51,../Crop_Reports/Bengal Crop Reports PNG/cg1893p3_folder_1\cg1893p3_page_261.png,should,1937,793,2179,791,2180,861,1938,863
52,../Crop_Reports/Bengal Crop Reports PNG/cg1893p3_folder_1\cg1893p3_page_261.png,be,2192,794,2275,793,2275,852,2192,853
53,../Crop_Reports/Bengal Crop Reports PNG/cg1893p3_folder_1\cg1893p3_page_261.png,well,2302,792,2445,791,2445,851,2302,852
54,../Crop_Reports/Bengal Crop Reports PNG/cg1893p3_folder_1\cg1893p3_page_261.png,looked,2500,793,2725,791,2725,849,2500,851
55,../Crop_Reports/Bengal Crop Reports PNG/cg1893p3_folder_1\cg1893p3_page_261.png,after,2777,787,2959,786,2960,856,2778,857
56,../Crop_Reports/Bengal Crop Reports PNG/cg1893p3_folder_1\cg1893p3_page_261.png,and,3002,797,3125,796,3125,852,3002,853
57,../Crop_Reports/Bengal Crop Reports PNG/cg1893p3_folder_1\cg1893p3_page_261.png,only,312,867,463,866,463,946,312,947
58,../Crop_Reports/Bengal Crop Reports PNG/cg1893p3_folder_1\cg1893p3_page_261.png,allowed,488,867,783,866,783,933,488,934
59,../Crop_Reports/Bengal Crop Reports PNG/cg1893p3_folder_1\cg1893p3_page_261.png,the,824,873,935,872,935,932,824,933
60,../Crop_Reports/Bengal Crop Reports PNG/cg1893p3_folder_1\cg1893p3_page_261.png,privilege,972,868,1275,867,1275,943,972,944
61,../Crop_Reports/Bengal Crop Reports PNG/cg1893p3_folder_1\cg1893p3_page_261.png,of,1320,867,1391,867,1391,926,1320,926
62,../Crop_Reports/Bengal Crop Reports PNG/cg1893p3_folder_1\cg1893p3_page_261.png,holding,1448,870,1715,869,1715,941,1448,942
63,../Crop_Reports/Bengal Crop Reports PNG/cg1893p3_folder_1\cg1893p3_page_261.png,land,1740,869,1891,868,1891,932,1740,933
64,../Crop_Reports/Bengal Crop Reports PNG/cg1893p3_folder_1\cg1893p3_page_261.png,rent-free,1928,868,2231,867,2231,927,1928,928
65,../Crop_Reports/Bengal Crop Reports PNG/cg1893p3_folder_1\cg1893p3_page_261.png,during,2276,866,2507,865,2507,937,2276,938
66,../Crop_Reports/Bengal Crop Reports PNG/cg1893p3_folder_1\cg1893p3_page_261.png,good,2552,865,2719,864,2719,936,2552,937
67,../Crop_Reports/Bengal Crop Reports PNG/cg1893p3_folder_1\cg1893p3_page_261.png,behaviour.,2760,864,3123,862,3123,926,2760,928
68,../Crop_Reports/Bengal Crop Reports PNG/cg1893p3_folder_1\cg1893p3_page_261.png,the,302,948,453,947,453,1020,302,1021
69,../Crop_Reports/Bengal Crop Reports PNG/cg1893p3_folder_1\cg1893p3_page_261.png,number,478,953,739,952,739,1011,478,1012
70,../Crop_Reports/Bengal Crop Reports PNG/cg1893p3_folder_1\cg1893p3_page_261.png,of,768,948,835,948,835,1003,768,1003
71,../Crop_Reports/Bengal Crop Reports PNG/cg1893p3_folder_1\cg1893p3_page_261.png,suoh,864,945,1011,944,1011,1004,864,1005
72,../Crop_Reports/Bengal Crop Reports PNG/cg1893p3_folder_1\cg1893p3_page_261.png,holdings,1040,944,1331,943,1331,1017,1040,1018
73,../Crop_Reports/Bengal Crop Reports PNG/cg1893p3_folder_1\cg1893p3_page_261.png,is,1360,945,1415,945,1415,1002,1360,1002
74,../Crop_Reports/Bengal Crop Reports PNG/cg1893p3_folder_1\cg1893p3_page_261.png,730,1440,948,1583,947,1583,1015,1440,1016
75,../Crop_Reports/Bengal Crop Reports PNG/cg1893p3_folder_1\cg1893p3_page_261.png,covering,1614,942,1907,941,1907,1014,1614,1015
76,../Crop_Reports/Bengal Crop Reports PNG/cg1893p3_folder_1\cg1893p3_page_261.png,the,1934,944,2039,944,2039,1001,1934,1001
77,../Crop_Reports/Bengal Crop Reports PNG/cg1893p3_folder_1\cg1893p3_page_261.png,small,2066,939,2247,938,2247,1012,2066,1013
78,../Crop_Reports/Bengal Crop Reports PNG/cg1893p3_folder_1\cg1893p3_page_261.png,area,2286,960,2433,959,2433,997,2286,998
79,../Crop_Reports/Bengal Crop Reports PNG/cg1893p3_folder_1\cg1893p3_page_261.png,of,2462,938,2529,938,2529,997,2462,997
80,../Crop_Reports/Bengal Crop Reports PNG/cg1893p3_folder_1\cg1893p3_page_261.png,98-16,2556,938,2743,937,2743,998,2556,999
81,../Crop_Reports/Bengal Crop Reports PNG/cg1893p3_folder_1\cg1893p3_page_261.png,acres.,2772,960,2959,959,2959,997,2772,998
82,../Crop_Reports/Bengal Crop Reports PNG/cg1893p3_folder_1\cg1893p3_page_261.png,7.,458,1014,625,1014,625,1087,458,1087
83,../Crop_Reports/Bengal Crop Reports PNG/cg1893p3_folder_1\cg1893p3_page_261.png,the,624,1022,765,1022,765,1079,624,1079
84,../Crop_Reports/Bengal Crop Reports PNG/cg1893p3_folder_1\cg1893p3_page_261.png,uncultivated,792,1016,1219,1016,1219,1077,792,1077
85,../Crop_Reports/Bengal Crop Reports PNG/cg1893p3_folder_1\cg1893p3_page_261.png,area,1260,1014,1411,1014,1411,1077,1260,1077
86,../Crop_Reports/Bengal Crop Reports PNG/cg1893p3_folder_1\cg1893p3_page_261.png,amounts,1438,1014,1727,1014,1727,1081,1438,1081
87,../Crop_Reports/Bengal Crop Reports PNG/cg1893p3_folder_1\cg1893p3_page_261.png,to,1752,1026,1819,1026,1819,1075,1752,1075
88,../Crop_Reports/Bengal Crop Reports PNG/cg1893p3_folder_1\cg1893p3_page_261.png,37819,1866,1014,2095,1014,2095,1087,1866,1087
89,../Crop_Reports/Bengal Crop Reports PNG/cg1893p3_folder_1\cg1893p3_page_261.png,acres,2122,1034,2316,1034,2316,1085,2122,1085
90,../Crop_Reports/Bengal Crop Reports PNG/cg1893p3_folder_1\cg1893p3_page_261.png,of,2348,1014,2415,1014,2415,1071,2348,1071
91,../Crop_Reports/Bengal Crop Reports PNG/cg1893p3_folder_1\cg1893p3_page_261.png,which,2446,1014,2649,1014,2649,1073,2446,1073
92,../Crop_Reports/Bengal Crop Reports PNG/cg1893p3_folder_1\cg1893p3_page_261.png,11840,2686,1016,2911,1016,2911,1085,2686,1085
93,../Crop_Reports/Bengal Crop Reports PNG/cg1893p3_folder_1\cg1893p3_page_261.png,acres,2958,1034,3131,1034,3131,1071,2958,1071
94,../Crop_Reports/Bengal Crop Reports PNG/cg1893p3_folder_1\cg1893p3_page_261.png,of,2196,1078,2315,1079,2314,1154,2195,1153
95,../Crop_Reports/Bengal Crop Reports PNG/cg1893p3_folder_1\cg1893p3_page_261.png,the,2320,1079,2429,1080,2428,1156,2319,1155
96,../Crop_Reports/Bengal Crop Reports PNG/cg1893p3_folder_1\cg1893p3_page_261.png,latter,2478,1087,2667,1089,2666,1145,2477,1143
97,../Crop_Reports/Bengal Crop Reports PNG/cg1893p3_folder_1\cg1893p3_page_261.png,area,2724,1094,2887,1096,2886,1158,2723,1156
98,../Crop_Reports/Bengal Crop Reports PNG/cg1893p3_folder_1\cg1893p3_page_261.png,4034,2908,1087,3127,1090,3126,1166,2907,1163
99,../Crop_Reports/Bengal Crop Reports PNG/cg1893p3_folder_1\cg1893p3_page_261.png,acres,1304,1186,1479,1185,1479,1242,1304,1243
100,../Crop_Reports/Bengal Crop Reports PNG/cg1893p3_folder_1\cg1893p3_page_261.png,are,1506,1186,1611,1185,1611,1225,1506,1226
101,../Crop_Reports/Bengal Crop Reports PNG/cg1893p3_folder_1\cg1893p3_page_261.png,covered,1640,1168,1901,1167,1901,1225,1640,1226
102,../Crop_Reports/Bengal Crop Reports PNG/cg1893p3_folder_1\cg1893p3_page_261.png,by,1932,1169,2021,1169,2021,1240,1932,1240
103,../Crop_Reports/Bengal Crop Reports PNG/cg1893p3_folder_1\cg1893p3_page_261.png,mango,2050,1184,2277,1183,2277,1239,2050,1240
104,../Crop_Reports/Bengal Crop Reports PNG/cg1893p3_folder_1\cg1893p3_page_261.png,orchards,2306,1164,2633,1162,2633,1236,2306,1238
105,../Crop_Reports/Bengal Crop Reports PNG/cg1893p3_folder_1\cg1893p3_page_261.png,of,2646,1163,2713,1163,2713,1218,2646,1218
106,../Crop_Reports/Bengal Crop Reports PNG/cg1893p3_folder_1\cg1893p3_page_261.png,which,2742,1162,2947,1161,2947,1235,2742,1236
107,../Crop_Reports/Bengal Crop Reports PNG/cg1893p3_folder_1\cg1893p3_page_261.png,only,2976,1161,3131,1160,3131,1234,2976,1235
108,../Crop_Reports/Bengal Crop Reports PNG/cg1893p3_folder_1\cg1893p3_page_261.png,653,312,1252,435,1252,435,1309,312,1309
109,../Crop_Reports/Bengal Crop Reports PNG/cg1893p3_folder_1\cg1893p3_page_261.png,acres,466,1265,639,1264,639,1304,466,1305
110,../Crop_Reports/Bengal Crop Reports PNG/cg1893p3_folder_1\cg1893p3_page_261.png,were,660,1264,819,1263,819,1301,660,1302
111,../Crop_Reports/Bengal Crop Reports PNG/cg1893p3_folder_1\cg1893p3_page_261.png,assessed,848,1244,1123,1243,1123,1301,848,1302
112,../Crop_Reports/Bengal Crop Reports PNG/cg1893p3_folder_1\cg1893p3_page_261.png,at,1150,1247,1217,1247,1217,1300,1150,1300
113,../Crop_Reports/Bengal Crop Reports PNG/cg1893p3_folder_1\cg1893p3_page_261.png,rs.,1248,1241,1355,1241,1355,1298,1248,1298
114,../Crop_Reports/Bengal Crop Reports PNG/cg1893p3_folder_1\cg1893p3_page_261.png,166-10-5,1389,1238,1793,1237,1793,1309,1389,1310
115,../Crop_Reports/Bengal Crop Reports PNG/cg1893p3_folder_1\cg1893p3_page_261.png,young,1794,1236,2023,1235,2023,1307,1794,1308
116,../Crop_Reports/Bengal Crop Reports PNG/cg1893p3_folder_1\cg1893p3_page_261.png,orchards,2072,1235,2361,1234,2361,1296,2072,1297
117,../Crop_Reports/Bengal Crop Reports PNG/cg1893p3_folder_1\cg1893p3_page_261.png,or,2420,1256,2489,1256,2489,1293,2420,1293
118,../Crop_Reports/Bengal Crop Reports PNG/cg1893p3_folder_1\cg1893p3_page_261.png,orchards,2516,1236,2811,1235,2811,1293,2516,1294
119,../Crop_Reports/Bengal Crop Reports PNG/cg1893p3_folder_1\cg1893p3_page_261.png,required,2838,1233,3129,1232,3129,1303,2838,1304
120,../Crop_Reports/Bengal Crop Reports PNG/cg1893p3_folder_1\cg1893p3_page_261.png,for,314,1326,417,1325,418,1380,315,1381
121,../Crop_Reports/Bengal Crop Reports PNG/cg1893p3_folder_1\cg1893p3_page_261.png,public,444,1322,655,1320,656,1392,445,1394
122,../Crop_Reports/Bengal Crop Reports PNG/cg1893p3_folder_1\cg1893p3_page_261.png,purposes,704,1336,995,1333,996,1389,705,1392
123,../Crop_Reports/Bengal Crop Reports PNG/cg1893p3_folder_1\cg1893p3_page_261.png,are,1046,1337,1151,1336,1151,1371,1046,1372
124,../Crop_Reports/Bengal Crop Reports PNG/cg1893p3_folder_1\cg1893p3_page_261.png,not,1180,1324,1299,1323,1299,1372,1180,1373
125,../Crop_Reports/Bengal Crop Reports PNG/cg1893p3_folder_1\cg1893p3_page_261.png,assossed.,1346,1316,1639,1313,1640,1373,1347,1376
126,../Crop_Reports/Bengal Crop Reports PNG/cg1893p3_folder_1\cg1893p3_page_261.png,the,1724,1313,1865,1312,1866,1373,1725,1374
127,../Crop_Reports/Bengal Crop Reports PNG/cg1893p3_folder_1\cg1893p3_page_261.png,remainder,1890,1309,2243,1306,2244,1370,1891,1373
128,../Crop_Reports/Bengal Crop Reports PNG/cg1893p3_folder_1\cg1893p3_page_261.png,of,2272,1311,2341,1310,2342,1366,2273,1367
129,../Crop_Reports/Bengal Crop Reports PNG/cg1893p3_folder_1\cg1893p3_page_261.png,the,2392,1312,2503,1311,2504,1367,2393,1368
130,../Crop_Reports/Bengal Crop Reports PNG/cg1893p3_folder_1\cg1893p3_page_261.png,culturable,2556,1309,2905,1306,2906,1367,2557,1370
131,../Crop_Reports/Bengal Crop Reports PNG/cg1893p3_folder_1\cg1893p3_page_261.png,vwaste,2926,1299,3123,1297,3124,1369,2927,1371
132,../Crop_Reports/Bengal Crop Reports PNG/cg1893p3_folder_1\cg1893p3_page_261.png,(7805,318,1391,527,1390,527,1468,318,1469
133,../Crop_Reports/Bengal Crop Reports PNG/cg1893p3_folder_1\cg1893p3_page_261.png,acres),555,1390,773,1389,773,1465,555,1466
134,../Crop_Reports/Bengal Crop Reports PNG/cg1893p3_folder_1\cg1893p3_page_261.png,is,815,1388,903,1387,903,1463,815,1464
135,../Crop_Reports/Bengal Crop Reports PNG/cg1893p3_folder_1\cg1893p3_page_261.png,not,910,1396,1035,1395,1035,1465,910,1466
136,../Crop_Reports/Bengal Crop Reports PNG/cg1893p3_folder_1\cg1893p3_page_261.png,brought,1090,1389,1363,1387,1363,1463,1090,1465
137,../Crop_Reports/Bengal Crop Reports PNG/cg1893p3_folder_1\cg1893p3_page_261.png,under,1390,1387,1607,1386,1607,1462,1390,1463
138,../Crop_Reports/Bengal Crop Reports PNG/cg1893p3_folder_1\cg1893p3_page_261.png,cultivation,1654,1385,2039,1383,2039,1459,1654,1461
139,../Crop_Reports/Bengal Crop Reports PNG/cg1893p3_folder_1\cg1893p3_page_261.png,chiefly,2100,1384,2331,1383,2331,1457,2100,1458
140,../Crop_Reports/Bengal Crop Reports PNG/cg1893p3_folder_1\cg1893p3_page_261.png,becanse,2374,1383,2639,1381,2639,1439,2374,1441
141,../Crop_Reports/Bengal Crop Reports PNG/cg1893p3_folder_1\cg1893p3_page_261.png,there,2668,1381,2843,1380,2843,1438,2668,1439
142,../Crop_Reports/Bengal Crop Reports PNG/cg1893p3_folder_1\cg1893p3_page_261.png,are,2892,1400,2997,1399,2997,1438,2892,1439
143,../Crop_Reports/Bengal Crop Reports PNG/cg1893p3_folder_1\cg1893p3_page_261.png,no,3050,1401,3133,1400,3133,1437,3050,1438
144,../Crop_Reports/Bengal Crop Reports PNG/cg1893p3_folder_1\cg1893p3_page_261.png,means,318,1465,529,1464,529,1526,318,1527
145,../Crop_Reports/Bengal Crop Reports PNG/cg1893p3_folder_1\cg1893p3_page_261.png,of,574,1467,641,1467,641,1522,574,1522
146,../Crop_Reports/Bengal Crop Reports PNG/cg1893p3_folder_1\cg1893p3_page_261.png,irrigation.,682,1464,1031,1462,1031,1536,682,1538
147,../Crop_Reports/Bengal Crop Reports PNG/cg1893p3_folder_1\cg1893p3_page_261.png,as,1120,1464,1209,1464,1209,1519,1120,1519
148,../Crop_Reports/Bengal Crop Reports PNG/cg1893p3_folder_1\cg1893p3_page_261.png,to,1246,1461,1313,1461,1313,1519,1246,1519
149,../Crop_Reports/Bengal Crop Reports PNG/cg1893p3_folder_1\cg1893p3_page_261.png,the,1362,1461,1469,1461,1469,1520,1362,1520
150,../Crop_Reports/Bengal Crop Reports PNG/cg1893p3_folder_1\cg1893p3_page_261.png,unculturable,1496,1462,1931,1460,1931,1518,1496,1520
151,../Crop_Reports/Bengal Crop Reports PNG/cg1893p3_folder_1\cg1893p3_page_261.png,area,1982,1458,2127,1457,2127,1514,1982,1515
152,../Crop_Reports/Bengal Crop Reports PNG/cg1893p3_folder_1\cg1893p3_page_261.png,(25979,2178,1457,2435,1456,2435,1530,2178,1531
153,../Crop_Reports/Bengal Crop Reports PNG/cg1893p3_folder_1\cg1893p3_page_261.png,acres),2466,1458,2683,1457,2683,1528,2466,1529
154,../Crop_Reports/Bengal Crop Reports PNG/cg1893p3_folder_1\cg1893p3_page_261.png,village,2724,1456,2955,1455,2955,1527,2724,1528
155,../Crop_Reports/Bengal Crop Reports PNG/cg1893p3_folder_1\cg1893p3_page_261.png,sites,2986,1457,3135,1456,3135,1514,2986,1515
156,../Crop_Reports/Bengal Crop Reports PNG/cg1893p3_folder_1\cg1893p3_page_261.png,occupy,310,1562,557,1560,558,1617,311,1619
157,../Crop_Reports/Bengal Crop Reports PNG/cg1893p3_folder_1\cg1893p3_page_261.png,1083,592,1543,773,1541,774,1611,593,1613
158,../Crop_Reports/Bengal Crop Reports PNG/cg1893p3_folder_1\cg1893p3_page_261.png,acres,790,1557,995,1555,996,1613,791,1615
159,../Crop_Reports/Bengal Crop Reports PNG/cg1893p3_folder_1\cg1893p3_page_261.png,and,1026,1539,1153,1538,1154,1594,1027,1595
160,../Crop_Reports/Bengal Crop Reports PNG/cg1893p3_folder_1\cg1893p3_page_261.png,6473,1186,1539,1371,1537,1372,1606,1187,1608
161,../Crop_Reports/Bengal Crop Reports PNG/cg1893p3_folder_1\cg1893p3_page_261.png,acres,1398,1551,1571,1549,1571,1593,1398,1595
162,../Crop_Reports/Bengal Crop Reports PNG/cg1893p3_folder_1\cg1893p3_page_261.png,inolude,1596,1537,1845,1535,1846,1593,1597,1595
163,../Crop_Reports/Bengal Crop Reports PNG/cg1893p3_folder_1\cg1893p3_page_261.png,hills,1892,1532,2035,1531,2036,1591,1893,1592
164,../Crop_Reports/Bengal Crop Reports PNG/cg1893p3_folder_1\cg1893p3_page_261.png,and,2058,1529,2189,1528,2190,1602,2059,1603
165,../Crop_Reports/Bengal Crop Reports PNG/cg1893p3_folder_1\cg1893p3_page_261.png,forests,2232,1531,2455,1529,2456,1589,2233,1591
166,../Crop_Reports/Bengal Crop Reports PNG/cg1893p3_folder_1\cg1893p3_page_261.png,and,2488,1525,2633,1524,2634,1598,2489,1599
167,../Crop_Reports/Bengal Crop Reports PNG/cg1893p3_folder_1\cg1893p3_page_261.png,other,2666,1523,2861,1521,2862,1589,2667,1591
168,../Crop_Reports/Bengal Crop Reports PNG/cg1893p3_folder_1\cg1893p3_page_261.png,ground,2878,1522,3133,1520,3134,1593,2879,1595
169,../Crop_Reports/Bengal Crop Reports PNG/cg1893p3_folder_1\cg1893p3_page_261.png,mafidars.,642,629,890,629,890,672,642,672
170,../Crop_Reports/Bengal Crop Reports PNG/cg1893p3_folder_1\cg1893p3_page_261.png,from,308,734,469,734,469,787,308,787
171,../Crop_Reports/Bengal Crop Reports PNG/cg1893p3_folder_1\cg1893p3_page_261.png,whom,500,726,709,726,709,785,500,785
172,../Crop_Reports/Bengal Crop Reports PNG/cg1893p3_folder_1\cg1893p3_page_261.png,the,732,726,839,726,839,783,732,783
173,../Crop_Reports/Bengal Crop Reports PNG/cg1893p3_folder_1\cg1893p3_page_261.png,criminal,876,716,1153,716,1153,795,876,795
174,../Crop_Reports/Bengal Crop Reports PNG/cg1893p3_folder_1\cg1893p3_page_261.png,population,1188,722,1555,722,1555,795,1188,795
175,../Crop_Reports/Bengal Crop Reports PNG/cg1893p3_folder_1\cg1893p3_page_261.png,is,1596,724,1649,724,1649,781,1596,781
176,../Crop_Reports/Bengal Crop Reports PNG/cg1893p3_folder_1\cg1893p3_page_261.png,chiefly,1692,724,1921,724,1921,795,1692,795
177,../Crop_Reports/Bengal Crop Reports PNG/cg1893p3_folder_1\cg1893p3_page_261.png,drawn.,1960,722,2193,722,2193,795,1960,795
178,../Crop_Reports/Bengal Crop Reports PNG/cg1893p3_folder_1\cg1893p3_page_261.png,are,1306,1112,1413,1112,1413,1151,1306,1151
179,../Crop_Reports/Bengal Crop Reports PNG/cg1893p3_folder_1\cg1893p3_page_261.png,culturable,1452,1092,1803,1092,1803,1151,1452,1151
180,../Crop_Reports/Bengal Crop Reports PNG/cg1893p3_folder_1\cg1893p3_page_261.png,waste.,1860,1098,2071,1098,2071,1153,1860,1153
181,../Crop_Reports/Bengal Crop Reports PNG/cg1893p3_folder_1\cg1893p3_page_261.png,uncultivatod,374,1151,715,1148,715,1194,374,1197
182,../Crop_Reports/Bengal Crop Reports PNG/cg1893p3_folder_1\cg1893p3_page_261.png,area,736,1162,839,1161,839,1191,736,1192
183,../Crop_Reports/Bengal Crop Reports PNG/cg1893p3_folder_1\cg1893p3_page_261.png,and,860,1147,951,1146,951,1188,860,1189
184,../Crop_Reports/Bengal Crop Reports PNG/cg1893p3_folder_1\cg1893p3_page_261.png,orchards.,972,1144,1209,1142,1209,1190,972,1192
185,../Crop_Reports/Bengal Crop Reports PNG/cg1893p3_folder_1\cg1893p3_page_261.png,open,312,1612,491,1612,491,1691,312,1691
186,../Crop_Reports/Bengal Crop Reports PNG/cg1893p3_folder_1\cg1893p3_page_261.png,for,504,1612,607,1612,607,1671,504,1671
187,../Crop_Reports/Bengal Crop Reports PNG/cg1893p3_folder_1\cg1893p3_page_261.png,grazing,636,1612,895,1612,895,1687,636,1687
188,../Crop_Reports/Bengal Crop Reports PNG/cg1893p3_folder_1\cg1893p3_page_261.png,purposes.,924,1628,1239,1628,1239,1687,924,1687
189,../Crop_Reports/Bengal Crop Reports PNG/cg1893p3_folder_1\cg1893p3_page_261.png,8.,1439,1678,1615,1678,1615,1747,1439,1747
190,../Crop_Reports/Bengal Crop Reports PNG/cg1893p3_folder_1\cg1893p3_page_261.png,another,1618,1680,1905,1680,1905,1739,1618,1739
191,../Crop_Reports/Bengal Crop Reports PNG/cg1893p3_folder_1\cg1893p3_page_261.png,souroe,1932,1698,2145,1698,2145,1737,1932,1737
192,../Crop_Reports/Bengal Crop Reports PNG/cg1893p3_folder_1\cg1893p3_page_261.png,of,2174,1680,2243,1680,2243,1737,2174,1737
193,../Crop_Reports/Bengal Crop Reports PNG/cg1893p3_folder_1\cg1893p3_page_261.png,revenue,2276,1696,2545,1696,2545,1735,2276,1735
194,../Crop_Reports/Bengal Crop Reports PNG/cg1893p3_folder_1\cg1893p3_page_261.png,is,2594,1678,2651,1678,2651,1735,2594,1735
195,../Crop_Reports/Bengal Crop Reports PNG/cg1893p3_folder_1\cg1893p3_page_261.png,the,2696,1678,2803,1678,2803,1735,2696,1735
196,../Crop_Reports/Bengal Crop Reports PNG/cg1893p3_folder_1\cg1893p3_page_261.png,fisheries,2830,1680,3127,1680,3127,1747,2830,1747
197,../Crop_Reports/Bengal Crop Reports PNG/cg1893p3_folder_1\cg1893p3_page_261.png,which,1310,1757,1515,1757,1515,1815,1310,1815
198,../Crop_Reports/Bengal Crop Reports PNG/cg1893p3_folder_1\cg1893p3_page_261.png,yield,1556,1755,1730,1755,1730,1825,1556,1825
199,../Crop_Reports/Bengal Crop Reports PNG/cg1893p3_folder_1\cg1893p3_page_261.png,rs.,1814,1752,1909,1752,1909,1825,1814,1825
200,../Crop_Reports/Bengal Crop Reports PNG/cg1893p3_folder_1\cg1893p3_page_261.png,683-7.,1925,1755,2136,1755,2136,1811,1925,1811
201,../Crop_Reports/Bengal Crop Reports PNG/cg1893p3_folder_1\cg1893p3_page_261.png,the,2224,1752,2363,1752,2363,1810,2224,1810
202,../Crop_Reports/Bengal Crop Reports PNG/cg1893p3_folder_1\cg1893p3_page_261.png,leases,2416,1752,2612,1752,2612,1825,2416,1825
203,../Crop_Reports/Bengal Crop Reports PNG/cg1893p3_folder_1\cg1893p3_page_261.png,granted,2682,1752,2946,1752,2946,1825,2682,1825
204,../Crop_Reports/Bengal Crop Reports PNG/cg1893p3_folder_1\cg1893p3_page_261.png,run,3017,1771,3136,1771,3136,1810,3017,1810
205,../Crop_Reports/Bengal Crop Reports PNG/cg1893p3_folder_1\cg1893p3_page_261.png,for,320,1840,423,1840,423,1899,320,1899
206,../Crop_Reports/Bengal Crop Reports PNG/cg1893p3_folder_1\cg1893p3_page_261.png,15,452,1839,527,1839,527,1894,452,1894
207,../Crop_Reports/Bengal Crop Reports PNG/cg1893p3_folder_1\cg1893p3_page_261.png,years,560,1855,763,1854,763,1905,560,1906
208,../Crop_Reports/Bengal Crop Reports PNG/cg1893p3_folder_1\cg1893p3_page_261.png,and,796,1830,919,1830,919,1893,796,1893
209,../Crop_Reports/Bengal Crop Reports PNG/cg1893p3_folder_1\cg1893p3_page_261.png,contain,972,1833,1219,1832,1219,1892,972,1893
210,../Crop_Reports/Bengal Crop Reports PNG/cg1893p3_folder_1\cg1893p3_page_261.png,clauses,1272,1832,1507,1831,1507,1891,1272,1892
211,../Crop_Reports/Bengal Crop Reports PNG/cg1893p3_folder_1\cg1893p3_page_261.png,providing,1548,1823,1883,1822,1883,1901,1548,1902
212,../Crop_Reports/Bengal Crop Reports PNG/cg1893p3_folder_1\cg1893p3_page_261.png,against,1936,1829,2183,1828,2183,1900,1936,1901
213,../Crop_Reports/Bengal Crop Reports PNG/cg1893p3_folder_1\cg1893p3_page_261.png,the,2212,1828,2319,1828,2319,1887,2212,1887
214,../Crop_Reports/Bengal Crop Reports PNG/cg1893p3_folder_1\cg1893p3_page_261.png,fishermen,2372,1819,2715,1818,2715,1882,2372,1883
215,../Crop_Reports/Bengal Crop Reports PNG/cg1893p3_folder_1\cg1893p3_page_261.png,interfering,2764,1826,3139,1825,3139,1897,2764,1898
216,../Crop_Reports/Bengal Crop Reports PNG/cg1893p3_folder_1\cg1893p3_page_261.png,fisheries.,656,1728,905,1728,905,1771,656,1771
217,../Crop_Reports/Bengal Crop Reports PNG/cg1893p3_folder_1\cg1893p3_page_261.png,with,318,1912,472,1912,472,1972,318,1972
218,../Crop_Reports/Bengal Crop Reports PNG/cg1893p3_folder_1\cg1893p3_page_261.png,the,499,1906,608,1906,608,1967,499,1967
219,../Crop_Reports/Bengal Crop Reports PNG/cg1893p3_folder_1\cg1893p3_page_261.png,use,633,1928,740,1928,740,1966,633,1966
220,../Crop_Reports/Bengal Crop Reports PNG/cg1893p3_folder_1\cg1893p3_page_261.png,of,770,1907,840,1907,840,1964,770,1964
221,../Crop_Reports/Bengal Crop Reports PNG/cg1893p3_folder_1\cg1893p3_page_261.png,water,879,1906,1063,1906,1063,1980,879,1980
222,../Crop_Reports/Bengal Crop Reports PNG/cg1893p3_folder_1\cg1893p3_page_261.png,for,1086,1907,1186,1907,1186,1963,1086,1963
223,../Crop_Reports/Bengal Crop Reports PNG/cg1893p3_folder_1\cg1893p3_page_261.png,the,1215,1906,1320,1906,1320,1980,1215,1980
224,../Crop_Reports/Bengal Crop Reports PNG/cg1893p3_folder_1\cg1893p3_page_261.png,irrigation,1350,1906,1672,1906,1672,1980,1350,1980
225,../Crop_Reports/Bengal Crop Reports PNG/cg1893p3_folder_1\cg1893p3_page_261.png,of,1700,1906,1770,1906,1770,1980,1700,1980
226,../Crop_Reports/Bengal Crop Reports PNG/cg1893p3_folder_1\cg1893p3_page_261.png,crops.,1798,1921,1995,1921,1995,1977,1798,1977
227,../Crop_Reports/Bengal Crop Reports PNG/cg1893p3_folder_1\cg1893p3_page_261.png,9.,471,1978,590,1978,590,2053,471,2053
228,../Crop_Reports/Bengal Crop Reports PNG/cg1893p3_folder_1\cg1893p3_page_261.png,it,645,1977,717,1977,717,2052,645,2052
229,../Crop_Reports/Bengal Crop Reports PNG/cg1893p3_folder_1\cg1893p3_page_261.png,is,723,1982,777,1982,777,2037,723,2037
230,../Crop_Reports/Bengal Crop Reports PNG/cg1893p3_folder_1\cg1893p3_page_261.png,stated,805,1980,1009,1979,1009,2036,805,2037
231,../Crop_Reports/Bengal Crop Reports PNG/cg1893p3_folder_1\cg1893p3_page_261.png,that,1036,1980,1175,1979,1175,2036,1036,2037
232,../Crop_Reports/Bengal Crop Reports PNG/cg1893p3_folder_1\cg1893p3_page_261.png,the,1201,1978,1309,1978,1309,2036,1201,2036
233,../Crop_Reports/Bengal Crop Reports PNG/cg1893p3_folder_1\cg1893p3_page_261.png,settlement,1338,1974,1694,1973,1694,2045,1338,2046
234,../Crop_Reports/Bengal Crop Reports PNG/cg1893p3_folder_1\cg1893p3_page_261.png,is,1721,1978,1774,1978,1774,2032,1721,2032
235,../Crop_Reports/Bengal Crop Reports PNG/cg1893p3_folder_1\cg1893p3_page_261.png,acceptable,1802,1972,2155,1971,2155,2047,1802,2048
236,../Crop_Reports/Bengal Crop Reports PNG/cg1893p3_folder_1\cg1893p3_page_261.png,to,2182,1981,2250,1981,2250,2031,2182,2031
237,../Crop_Reports/Bengal Crop Reports PNG/cg1893p3_folder_1\cg1893p3_page_261.png,the,2267,1974,2373,1974,2373,2031,2267,2031
238,../Crop_Reports/Bengal Crop Reports PNG/cg1893p3_folder_1\cg1893p3_page_261.png,raiyats,2394,1974,2632,1973,2632,2044,2394,2045
239,../Crop_Reports/Bengal Crop Reports PNG/cg1893p3_folder_1\cg1893p3_page_261.png,and,2661,1971,2785,1970,2785,2027,2661,2028
240,../Crop_Reports/Bengal Crop Reports PNG/cg1893p3_folder_1\cg1893p3_page_261.png,sarbarah-,2817,1973,3134,1972,3134,2030,2817,2031
241,../Crop_Reports/Bengal Crop Reports PNG/cg1893p3_folder_1\cg1893p3_page_261.png,kars,1306,2044,1489,2044,1489,2123,1306,2123
242,../Crop_Reports/Bengal Crop Reports PNG/cg1893p3_folder_1\cg1893p3_page_261.png,and,1530,2044,1653,2044,1653,2107,1530,2107
243,../Crop_Reports/Bengal Crop Reports PNG/cg1893p3_folder_1\cg1893p3_page_261.png,that,1708,2050,1865,2050,1865,2121,1708,2121
244,../Crop_Reports/Bengal Crop Reports PNG/cg1893p3_folder_1\cg1893p3_page_261.png,though,1912,2044,2151,2044,2151,2123,1912,2123
245,../Crop_Reports/Bengal Crop Reports PNG/cg1893p3_folder_1\cg1893p3_page_261.png,some,2208,2066,2375,2066,2375,2123,2208,2123
246,../Crop_Reports/Bengal Crop Reports PNG/cg1893p3_folder_1\cg1893p3_page_261.png,appeals,2432,2044,2681,2044,2681,2123,2432,2123
247,../Crop_Reports/Bengal Crop Reports PNG/cg1893p3_folder_1\cg1893p3_page_261.png,were,2736,2064,2897,2064,2897,2123,2736,2123
248,../Crop_Reports/Bengal Crop Reports PNG/cg1893p3_folder_1\cg1893p3_page_261.png,made,2934,2048,3137,2048,3137,2123,2934,2123
249,../Crop_Reports/Bengal Crop Reports PNG/cg1893p3_folder_1\cg1893p3_page_261.png,to,1314,2136,1377,2136,1377,2183,1314,2183
250,../Crop_Reports/Bengal Crop Reports PNG/cg1893p3_folder_1\cg1893p3_page_261.png,the,1434,2121,1541,2121,1541,2182,1434,2182
251,../Crop_Reports/Bengal Crop Reports PNG/cg1893p3_folder_1\cg1893p3_page_261.png,collector,1572,2120,1919,2119,1919,2195,1572,2196
252,../Crop_Reports/Bengal Crop Reports PNG/cg1893p3_folder_1\cg1893p3_page_261.png,not,1980,2119,2099,2119,2099,2182,1980,2182
253,../Crop_Reports/Bengal Crop Reports PNG/cg1893p3_folder_1\cg1893p3_page_261.png,a,2134,2143,2171,2143,2171,2180,2134,2180
254,../Crop_Reports/Bengal Crop Reports PNG/cg1893p3_folder_1\cg1893p3_page_261.png,single,2210,2122,2409,2121,2409,2193,2210,2194
255,../Crop_Reports/Bengal Crop Reports PNG/cg1893p3_folder_1\cg1893p3_page_261.png,suit,2450,2117,2573,2117,2573,2176,2450,2176
256,../Crop_Reports/Bengal Crop Reports PNG/cg1893p3_folder_1\cg1893p3_page_261.png,was,2624,2140,2749,2139,2749,2177,2624,2178
257,../Crop_Reports/Bengal Crop Reports PNG/cg1893p3_folder_1\cg1893p3_page_261.png,instituted,2800,2122,3131,2121,3131,2178,2800,2179
258,../Crop_Reports/Bengal Crop Reports PNG/cg1893p3_folder_1\cg1893p3_page_261.png,to,310,2216,385,2216,385,2265,310,2265
259,../Crop_Reports/Bengal Crop Reports PNG/cg1893p3_folder_1\cg1893p3_page_261.png,contest,438,2213,679,2212,679,2264,438,2265
260,../Crop_Reports/Bengal Crop Reports PNG/cg1893p3_folder_1\cg1893p3_page_261.png,the,732,2204,839,2204,839,2259,732,2259
261,../Crop_Reports/Bengal Crop Reports PNG/cg1893p3_folder_1\cg1893p3_page_261.png,jamabandi.,898,2203,1285,2201,1285,2269,898,2271
262,../Crop_Reports/Bengal Crop Reports PNG/cg1893p3_folder_1\cg1893p3_page_261.png,there,1374,2201,1581,2200,1581,2257,1374,2258
263,../Crop_Reports/Bengal Crop Reports PNG/cg1893p3_folder_1\cg1893p3_page_261.png,is,1624,2200,1677,2200,1677,2255,1624,2255
264,../Crop_Reports/Bengal Crop Reports PNG/cg1893p3_folder_1\cg1893p3_page_261.png,no,1706,2217,1789,2217,1789,2254,1706,2254
265,../Crop_Reports/Bengal Crop Reports PNG/cg1893p3_folder_1\cg1893p3_page_261.png,doubt,1834,2192,2025,2191,2025,2255,1834,2256
266,../Crop_Reports/Bengal Crop Reports PNG/cg1893p3_folder_1\cg1893p3_page_261.png,that,2072,2196,2211,2195,2211,2254,2072,2255
267,../Crop_Reports/Bengal Crop Reports PNG/cg1893p3_folder_1\cg1893p3_page_261.png,the,2246,2191,2355,2190,2355,2253,2246,2254
268,../Crop_Reports/Bengal Crop Reports PNG/cg1893p3_folder_1\cg1893p3_page_261.png,settlement,2400,2196,2753,2194,2753,2252,2400,2254
269,../Crop_Reports/Bengal Crop Reports PNG/cg1893p3_folder_1\cg1893p3_page_261.png,is,2784,2198,2835,2198,2835,2251,2784,2251
270,../Crop_Reports/Bengal Crop Reports PNG/cg1893p3_folder_1\cg1893p3_page_261.png,lenient,2874,2194,3131,2193,3131,2260,2874,2261
271,../Crop_Reports/Bengal Crop Reports PNG/cg1893p3_folder_1\cg1893p3_page_261.png,as,283,2266,443,2266,443,2345,283,2345
272,../Crop_Reports/Bengal Crop Reports PNG/cg1893p3_folder_1\cg1893p3_page_261.png,may,434,2298,582,2298,582,2345,434,2345
273,../Crop_Reports/Bengal Crop Reports PNG/cg1893p3_folder_1\cg1893p3_page_261.png,be,631,2279,709,2279,709,2333,631,2333
274,../Crop_Reports/Bengal Crop Reports PNG/cg1893p3_folder_1\cg1893p3_page_261.png,inferred,766,2266,1037,2266,1037,2329,766,2329
275,../Crop_Reports/Bengal Crop Reports PNG/cg1893p3_folder_1\cg1893p3_page_261.png,from,1094,2274,1256,2274,1256,2329,1094,2329
276,../Crop_Reports/Bengal Crop Reports PNG/cg1893p3_folder_1\cg1893p3_page_261.png,the,1299,2273,1408,2273,1408,2329,1299,2329
277,../Crop_Reports/Bengal Crop Reports PNG/cg1893p3_folder_1\cg1893p3_page_261.png,rise,1472,2273,1595,2273,1595,2328,1472,2328
278,../Crop_Reports/Bengal Crop Reports PNG/cg1893p3_folder_1\cg1893p3_page_261.png,in,1649,2272,1717,2272,1717,2326,1649,2326
279,../Crop_Reports/Bengal Crop Reports PNG/cg1893p3_folder_1\cg1893p3_page_261.png,the,1775,2272,1887,2272,1887,2345,1775,2345
280,../Crop_Reports/Bengal Crop Reports PNG/cg1893p3_folder_1\cg1893p3_page_261.png,selling,1939,2270,2164,2270,2164,2344,1939,2344
281,../Crop_Reports/Bengal Crop Reports PNG/cg1893p3_folder_1\cg1893p3_page_261.png,price,2212,2270,2382,2270,2382,2345,2212,2345
282,../Crop_Reports/Bengal Crop Reports PNG/cg1893p3_folder_1\cg1893p3_page_261.png,of,2434,2269,2504,2269,2504,2345,2434,2345
283,../Crop_Reports/Bengal Crop Reports PNG/cg1893p3_folder_1\cg1893p3_page_261.png,raiyati,2557,2269,2788,2269,2788,2345,2557,2345
284,../Crop_Reports/Bengal Crop Reports PNG/cg1893p3_folder_1\cg1893p3_page_261.png,holdings,2814,2266,3134,2266,3134,2345,2814,2345
285,../Crop_Reports/Bengal Crop Reports PNG/cg1893p3_folder_1\cg1893p3_page_261.png,and,306,2353,439,2352,439,2408,306,2409
286,../Crop_Reports/Bengal Crop Reports PNG/cg1893p3_folder_1\cg1893p3_page_261.png,in,482,2345,555,2345,555,2406,482,2406
287,../Crop_Reports/Bengal Crop Reports PNG/cg1893p3_folder_1\cg1893p3_page_261.png,the,590,2350,701,2350,701,2408,590,2408
288,../Crop_Reports/Bengal Crop Reports PNG/cg1893p3_folder_1\cg1893p3_page_261.png,price,748,2348,919,2347,919,2420,748,2421
289,../Crop_Reports/Bengal Crop Reports PNG/cg1893p3_folder_1\cg1893p3_page_261.png,of,946,2347,1035,2347,1035,2420,946,2420
290,../Crop_Reports/Bengal Crop Reports PNG/cg1893p3_folder_1\cg1893p3_page_261.png,food-grains,1080,2348,1495,2346,1495,2418,1080,2420
291,../Crop_Reports/Bengal Crop Reports PNG/cg1893p3_folder_1\cg1893p3_page_261.png,facts,1520,2344,1681,2343,1681,2401,1520,2402
292,../Crop_Reports/Bengal Crop Reports PNG/cg1893p3_folder_1\cg1893p3_page_261.png,which,1710,2344,1913,2343,1913,2400,1710,2401
293,../Crop_Reports/Bengal Crop Reports PNG/cg1893p3_folder_1\cg1893p3_page_261.png,appeur,1944,2339,2175,2338,2175,2415,1944,2416
294,../Crop_Reports/Bengal Crop Reports PNG/cg1893p3_folder_1\cg1893p3_page_261.png,from,2212,2337,2385,2336,2385,2396,2212,2397
295,../Crop_Reports/Bengal Crop Reports PNG/cg1893p3_folder_1\cg1893p3_page_261.png,the,2430,2341,2541,2341,2541,2414,2430,2414
296,../Crop_Reports/Bengal Crop Reports PNG/cg1893p3_folder_1\cg1893p3_page_261.png,following,2590,2336,2917,2335,2917,2413,2590,2414
297,../Crop_Reports/Bengal Crop Reports PNG/cg1893p3_folder_1\cg1893p3_page_261.png,state-,2946,2334,3129,2333,3129,2397,2946,2398
298,../Crop_Reports/Bengal Crop Reports PNG/cg1893p3_folder_1\cg1893p3_page_261.png,ments,312,2432,515,2432,515,2487,312,2487
299,../Crop_Reports/Bengal Crop Reports PNG/cg1893p3_folder_1\cg1893p3_page_261.png,extracted,562,2414,881,2414,881,2483,562,2483
300,../Crop_Reports/Bengal Crop Reports PNG/cg1893p3_folder_1\cg1893p3_page_261.png,from,924,2420,1089,2420,1089,2477,924,2477
301,../Crop_Reports/Bengal Crop Reports PNG/cg1893p3_folder_1\cg1893p3_page_261.png,the,1120,2420,1227,2420,1227,2475,1120,2475
302,../Crop_Reports/Bengal Crop Reports PNG/cg1893p3_folder_1\cg1893p3_page_261.png,settlement,1256,2414,1631,2414,1631,2477,1256,2477
303,../Crop_Reports/Bengal Crop Reports PNG/cg1893p3_folder_1\cg1893p3_page_261.png,officers,1673,2414,1955,2414,1955,2489,1673,2489
304,../Crop_Reports/Bengal Crop Reports PNG/cg1893p3_folder_1\cg1893p3_page_261.png,report,1984,2414,2217,2414,2217,2489,1984,2489
305,../Crop_Reports/Bengal Crop Reports PNG/cg1893p3_folder_1\cg1893p3_page_261.png,showing,2250,2414,2533,2414,2533,2491,2250,2491
306,../Crop_Reports/Bengal Crop Reports PNG/cg1893p3_folder_1\cg1893p3_page_261.png,(1),2576,2422,2669,2422,2669,2487,2576,2487
307,../Crop_Reports/Bengal Crop Reports PNG/cg1893p3_folder_1\cg1893p3_page_261.png,the,2716,2414,2823,2414,2823,2471,2716,2471
308,../Crop_Reports/Bengal Crop Reports PNG/cg1893p3_folder_1\cg1893p3_page_261.png,average,2870,2414,3137,2414,3137,2491,2870,2491
309,../Crop_Reports/Bengal Crop Reports PNG/cg1893p3_folder_1\cg1893p3_page_261.png,price,312,2499,481,2498,481,2574,312,2575
310,../Crop_Reports/Bengal Crop Reports PNG/cg1893p3_folder_1\cg1893p3_page_261.png,at,532,2506,597,2506,597,2558,532,2558
311,../Crop_Reports/Bengal Crop Reports PNG/cg1893p3_folder_1\cg1893p3_page_261.png,which,656,2497,859,2496,859,2572,656,2573
312,../Crop_Reports/Bengal Crop Reports PNG/cg1893p3_folder_1\cg1893p3_page_261.png,raiyati,910,2496,1143,2495,1143,2571,910,2572
313,../Crop_Reports/Bengal Crop Reports PNG/cg1893p3_folder_1\cg1893p3_page_261.png,holdings,1170,2494,1463,2492,1463,2568,1170,2570
314,../Crop_Reports/Bengal Crop Reports PNG/cg1893p3_folder_1\cg1893p3_page_261.png,were,1518,2512,1681,2511,1681,2551,1518,2552
315,../Crop_Reports/Bengal Crop Reports PNG/cg1893p3_folder_1\cg1893p3_page_261.png,sold,1732,2490,1869,2489,1869,2547,1732,2548
316,../Crop_Reports/Bengal Crop Reports PNG/cg1893p3_folder_1\cg1893p3_page_261.png,for,1914,2491,2015,2490,2015,2548,1914,2549
317,../Crop_Reports/Bengal Crop Reports PNG/cg1893p3_folder_1\cg1893p3_page_261.png,15,2064,2488,2157,2487,2157,2545,2064,2546
318,../Crop_Reports/Bengal Crop Reports PNG/cg1893p3_folder_1\cg1893p3_page_261.png,years,2206,2487,2393,2486,2393,2562,2206,2563
319,../Crop_Reports/Bengal Crop Reports PNG/cg1893p3_folder_1\cg1893p3_page_261.png,between,2422,2486,2705,2484,2705,2546,2422,2548
320,../Crop_Reports/Bengal Crop Reports PNG/cg1893p3_folder_1\cg1893p3_page_261.png,1863-64,2752,2492,3015,2490,3015,2547,2752,2549
321,../Crop_Reports/Bengal Crop Reports PNG/cg1893p3_folder_1\cg1893p3_page_261.png,to,3058,2482,3133,2482,3133,2549,3058,2549
322,../Crop_Reports/Bengal Crop Reports PNG/cg1893p3_folder_1\cg1893p3_page_261.png,1886-87,314,2562,607,2562,607,2643,314,2643
323,../Crop_Reports/Bengal Crop Reports PNG/cg1893p3_folder_1\cg1893p3_page_261.png,and,656,2574,779,2574,779,2627,656,2627
324,../Crop_Reports/Bengal Crop Reports PNG/cg1893p3_folder_1\cg1893p3_page_261.png,(2),836,2568,931,2568,931,2643,836,2643
325,../Crop_Reports/Bengal Crop Reports PNG/cg1893p3_folder_1\cg1893p3_page_261.png,the,984,2562,1093,2562,1093,2625,984,2625
326,../Crop_Reports/Bengal Crop Reports PNG/cg1893p3_folder_1\cg1893p3_page_261.png,average,1120,2562,1389,2562,1389,2643,1120,2643
327,../Crop_Reports/Bengal Crop Reports PNG/cg1893p3_folder_1\cg1893p3_page_261.png,price,1444,2568,1611,2568,1611,2643,1444,2643
328,../Crop_Reports/Bengal Crop Reports PNG/cg1893p3_folder_1\cg1893p3_page_261.png,of,1656,2566,1723,2566,1723,2623,1656,2623
329,../Crop_Reports/Bengal Crop Reports PNG/cg1893p3_folder_1\cg1893p3_page_261.png,common,1770,2582,2055,2582,2055,2623,1770,2623
330,../Crop_Reports/Bengal Crop Reports PNG/cg1893p3_folder_1\cg1893p3_page_261.png,rice,2106,2562,2231,2562,2231,2621,2106,2621
331,../Crop_Reports/Bengal Crop Reports PNG/cg1893p3_folder_1\cg1893p3_page_261.png,during,2282,2562,2511,2562,2511,2635,2282,2635
332,../Crop_Reports/Bengal Crop Reports PNG/cg1893p3_folder_1\cg1893p3_page_261.png,the,2566,2562,2669,2562,2669,2619,2566,2619
333,../Crop_Reports/Bengal Crop Reports PNG/cg1893p3_folder_1\cg1893p3_page_261.png,years,2736,2580,2921,2580,2921,2637,2736,2637
334,../Crop_Reports/Bengal Crop Reports PNG/cg1893p3_folder_1\cg1893p3_page_261.png,1843,2976,2568,3135,2568,3135,2621,2976,2621
335,../Crop_Reports/Bengal Crop Reports PNG/cg1893p3_folder_1\cg1893p3_page_261.png,leniency,463,2109,699,2105,700,2161,464,2165
336,../Crop_Reports/Bengal Crop Reports PNG/cg1893p3_folder_1\cg1893p3_page_261.png,of,720,2108,773,2107,774,2149,721,2150
337,../Crop_Reports/Bengal Crop Reports PNG/cg1893p3_folder_1\cg1893p3_page_261.png,settlement.,795,2105,1075,2100,1076,2147,796,2152
338,../Crop_Reports/Bengal Crop Reports PNG/cg1893p3_folder_1\cg1893p3_page_261.png,and,308,2648,439,2648,439,2707,308,2707
339,../Crop_Reports/Bengal Crop Reports PNG/cg1893p3_folder_1\cg1893p3_page_261.png,1874,476,2648,633,2648,633,2705,476,2705
340,../Crop_Reports/Bengal Crop Reports PNG/cg1893p3_folder_1\cg1893p3_page_261.png,to,660,2652,729,2652,729,2701,660,2701
341,../Crop_Reports/Bengal Crop Reports PNG/cg1893p3_folder_1\cg1893p3_page_261.png,1891,766,2646,919,2646,919,2703,766,2703
342,../Crop_Reports/Bengal Crop Reports PNG/cg1893p3_folder_1\cg1893p3_page_261.png,:--,944,2664,1047,2664,1047,2701,944,2701
343,../Crop_Reports/Bengal Crop Reports PNG/cg1893p3_folder_1\cg1893p3_page_261.png,1.,1080,2804,1237,2804,1237,2879,1080,2879
344,../Crop_Reports/Bengal Crop Reports PNG/cg1893p3_folder_1\cg1893p3_page_261.png,average,1240,2814,1471,2814,1471,2873,1240,2873
345,../Crop_Reports/Bengal Crop Reports PNG/cg1893p3_folder_1\cg1893p3_page_261.png,selling,1496,2814,1673,2814,1673,2873,1496,2873
346,../Crop_Reports/Bengal Crop Reports PNG/cg1893p3_folder_1\cg1893p3_page_261.png,price,1700,2814,1845,2814,1845,2871,1700,2871
347,../Crop_Reports/Bengal Crop Reports PNG/cg1893p3_folder_1\cg1893p3_page_261.png,of,1866,2812,1925,2812,1925,2871,1866,2871
348,../Crop_Reports/Bengal Crop Reports PNG/cg1893p3_folder_1\cg1893p3_page_261.png,raiyati,1956,2814,2145,2814,2145,2871,1956,2871
349,../Crop_Reports/Bengal Crop Reports PNG/cg1893p3_folder_1\cg1893p3_page_261.png,holdings.,2168,2810,2413,2810,2413,2871,2168,2871
350,../Crop_Reports/Bengal Crop Reports PNG/cg1893p3_folder_1\cg1893p3_page_261.png,average,1281,2936,1464,2938,1463,2981,1280,2979
351,../Crop_Reports/Bengal Crop Reports PNG/cg1893p3_folder_1\cg1893p3_page_261.png,prioce,1482,2935,1590,2936,1589,2982,1481,2981
352,../Crop_Reports/Bengal Crop Reports PNG/cg1893p3_folder_1\cg1893p3_page_261.png,por,1610,2939,1681,2940,1680,2982,1609,2981
353,../Crop_Reports/Bengal Crop Reports PNG/cg1893p3_folder_1\cg1893p3_page_261.png,man,1336,2974,1433,2974,1433,3009,1336,3009
354,../Crop_Reports/Bengal Crop Reports PNG/cg1893p3_folder_1\cg1893p3_page_261.png,(which,1446,2974,1589,2974,1589,3017,1446,3017
355,../Crop_Reports/Bengal Crop Reports PNG/cg1893p3_folder_1\cg1893p3_page_261.png,is,1608,2974,1643,2974,1643,3007,1608,3007
356,../Crop_Reports/Bengal Crop Reports PNG/cg1893p3_folder_1\cg1893p3_page_261.png,approximately.,1338,3015,1657,3012,1657,3066,1338,3069
357,../Crop_Reports/Bengal Crop Reports PNG/cg1893p3_folder_1\cg1893p3_page_261.png,oqual,1300,3062,1418,3062,1418,3107,1300,3107
358,../Crop_Reports/Bengal Crop Reports PNG/cg1893p3_folder_1\cg1893p3_page_261.png,to,1434,3063,1479,3063,1479,3094,1434,3094
359,../Crop_Reports/Bengal Crop Reports PNG/cg1893p3_folder_1\cg1893p3_page_261.png,an,1496,3071,1547,3071,1547,3096,1496,3096
360,../Crop_Reports/Bengal Crop Reports PNG/cg1893p3_folder_1\cg1893p3_page_261.png,acre).,1566,3061,1685,3061,1685,3102,1566,3102
361,../Crop_Reports/Bengal Crop Reports PNG/cg1893p3_folder_1\cg1893p3_page_261.png,rs.,1396,3101,1529,3109,1525,3164,1393,3156
362,../Crop_Reports/Bengal Crop Reports PNG/cg1893p3_folder_1\cg1893p3_page_261.png,a.,1517,3118,1570,3121,1568,3156,1515,3153
363,../Crop_Reports/Bengal Crop Reports PNG/cg1893p3_folder_1\cg1893p3_page_261.png,average,2726,2976,2911,2976,2911,3019,2726,3019
364,../Crop_Reports/Bengal Crop Reports PNG/cg1893p3_folder_1\cg1893p3_page_261.png,prio0,2936,2974,3045,2974,3045,3023,2936,3023
365,../Crop_Reports/Bengal Crop Reports PNG/cg1893p3_folder_1\cg1893p3_page_261.png,per,2791,3029,2863,3025,2865,3058,2793,3063
366,../Crop_Reports/Bengal Crop Reports PNG/cg1893p3_folder_1\cg1893p3_page_261.png,mn.,2888,3020,2992,3014,2994,3053,2890,3059
367,../Crop_Reports/Bengal Crop Reports PNG/cg1893p3_folder_1\cg1893p3_page_261.png,year.,512,3002,633,3005,632,3043,511,3040
368,../Crop_Reports/Bengal Crop Reports PNG/cg1893p3_folder_1\cg1893p3_page_261.png,yar.,1924,2994,2041,2995,2041,3030,1924,3029
369,../Crop_Reports/Bengal Crop Reports PNG/cg1893p3_folder_1\cg1893p3_page_261.png,rs.,2816,3102,2946,3109,2943,3163,2813,3156
370,../Crop_Reports/Bengal Crop Reports PNG/cg1893p3_folder_1\cg1893p3_page_261.png,a.,2941,3119,2992,3122,2990,3155,2939,3152
371,../Crop_Reports/Bengal Crop Reports PNG/cg1893p3_folder_1\cg1893p3_page_261.png,39,2813,3172,2881,3173,2881,3218,2813,3217
372,../Crop_Reports/Bengal Crop Reports PNG/cg1893p3_folder_1\cg1893p3_page_261.png,52,2812,3234,2881,3234,2881,3283,2812,3283
373,../Crop_Reports/Bengal Crop Reports PNG/cg1893p3_folder_1\cg1893p3_page_261.png,13,2922,3232,2989,3232,2989,3281,2922,3281
374,../Crop_Reports/Bengal Crop Reports PNG/cg1893p3_folder_1\cg1893p3_page_261.png,6,2955,3297,2987,3297,2986,3342,2954,3342
375,../Crop_Reports/Bengal Crop Reports PNG/cg1893p3_folder_1\cg1893p3_page_261.png,4,1538,3174,1571,3174,1571,3217,1538,3217
376,../Crop_Reports/Bengal Crop Reports PNG/cg1893p3_folder_1\cg1893p3_page_261.png,20,1390,3235,1459,3232,1461,3279,1392,3282
377,../Crop_Reports/Bengal Crop Reports PNG/cg1893p3_folder_1\cg1893p3_page_261.png,25,1392,3297,1463,3298,1462,3345,1391,3344
378,../Crop_Reports/Bengal Crop Reports PNG/cg1893p3_folder_1\cg1893p3_page_261.png,11,1504,3298,1565,3299,1564,3346,1503,3345
379,../Crop_Reports/Bengal Crop Reports PNG/cg1893p3_folder_1\cg1893p3_page_261.png,24,1392,3360,1465,3359,1465,3408,1392,3409
380,../Crop_Reports/Bengal Crop Reports PNG/cg1893p3_folder_1\cg1893p3_page_261.png,3,1536,3361,1571,3361,1571,3408,1536,3408
381,../Crop_Reports/Bengal Crop Reports PNG/cg1893p3_folder_1\cg1893p3_page_261.png,33,1394,3424,1465,3424,1465,3471,1394,3471
382,../Crop_Reports/Bengal Crop Reports PNG/cg1893p3_folder_1\cg1893p3_page_261.png,12,1504,3426,1573,3426,1573,3474,1504,3474
383,../Crop_Reports/Bengal Crop Reports PNG/cg1893p3_folder_1\cg1893p3_page_261.png,25,1394,3488,1465,3488,1465,3535,1394,3535
384,../Crop_Reports/Bengal Crop Reports PNG/cg1893p3_folder_1\cg1893p3_page_261.png,8,1538,3486,1573,3486,1573,3533,1538,3533
385,../Crop_Reports/Bengal Crop Reports PNG/cg1893p3_folder_1\cg1893p3_page_261.png,29,1392,3552,1463,3551,1463,3598,1392,3599
386,../Crop_Reports/Bengal Crop Reports PNG/cg1893p3_folder_1\cg1893p3_page_261.png,14,1504,3553,1573,3552,1573,3599,1504,3600
387,../Crop_Reports/Bengal Crop Reports PNG/cg1893p3_folder_1\cg1893p3_page_261.png,31,1394,3614,1514,3613,1515,3669,1395,3670
388,../Crop_Reports/Bengal Crop Reports PNG/cg1893p3_folder_1\cg1893p3_page_261.png,2,1539,3615,1574,3615,1574,3664,1539,3664
389,../Crop_Reports/Bengal Crop Reports PNG/cg1893p3_folder_1\cg1893p3_page_261.png,1871-72,1874,3164,2114,3166,2114,3217,1874,3215
390,../Crop_Reports/Bengal Crop Reports PNG/cg1893p3_folder_1\cg1893p3_page_261.png,1873-74,1876,3230,2113,3230,2113,3279,1876,3279
391,../Crop_Reports/Bengal Crop Reports PNG/cg1893p3_folder_1\cg1893p3_page_261.png,1874-75,1875,3296,2111,3296,2111,3343,1875,3343
392,../Crop_Reports/Bengal Crop Reports PNG/cg1893p3_folder_1\cg1893p3_page_261.png,1875-76,1876,3356,2109,3358,2109,3408,1876,3406
393,../Crop_Reports/Bengal Crop Reports PNG/cg1893p3_folder_1\cg1893p3_page_261.png,1884-85,1874,3422,2109,3421,2109,3470,1874,3471
394,../Crop_Reports/Bengal Crop Reports PNG/cg1893p3_folder_1\cg1893p3_page_261.png,1885-86,1878,3484,2115,3485,2115,3534,1878,3533
395,../Crop_Reports/Bengal Crop Reports PNG/cg1893p3_folder_1\cg1893p3_page_261.png,1886-87,1876,3548,2111,3550,2111,3599,1876,3597
396,../Crop_Reports/Bengal Crop Reports PNG/cg1893p3_folder_1\cg1893p3_page_261.png,11,1398,3174,1459,3174,1459,3217,1398,3217
397,../Crop_Reports/Bengal Crop Reports PNG/cg1893p3_folder_1\cg1893p3_page_261.png,1863-64,460,3177,695,3176,695,3228,460,3229
398,../Crop_Reports/Bengal Crop Reports PNG/cg1893p3_folder_1\cg1893p3_page_261.png,1864-65,458,3242,695,3239,696,3290,459,3293
399,../Crop_Reports/Bengal Crop Reports PNG/cg1893p3_folder_1\cg1893p3_page_261.png,1865,458,3308,599,3306,600,3353,459,3355
400,../Crop_Reports/Bengal Crop Reports PNG/cg1893p3_folder_1\cg1893p3_page_261.png,66,626,3303,695,3302,696,3351,627,3352
401,../Crop_Reports/Bengal Crop Reports PNG/cg1893p3_folder_1\cg1893p3_page_261.png,1866-67,460,3370,693,3369,693,3418,460,3419
402,../Crop_Reports/Bengal Crop Reports PNG/cg1893p3_folder_1\cg1893p3_page_261.png,1867-68,458,3432,695,3429,696,3480,459,3483
403,../Crop_Reports/Bengal Crop Reports PNG/cg1893p3_folder_1\cg1893p3_page_261.png,1868-69,460,3497,695,3493,696,3541,461,3545
404,../Crop_Reports/Bengal Crop Reports PNG/cg1893p3_folder_1\cg1893p3_page_261.png,1869-70,458,3560,697,3557,698,3606,459,3609
405,../Crop_Reports/Bengal Crop Reports PNG/cg1893p3_folder_1\cg1893p3_page_261.png,1870-71,456,3624,689,3620,690,3670,457,3674
406,../Crop_Reports/Bengal Crop Reports PNG/cg1893p3_folder_1\cg1893p3_page_261.png,...,848,3212,884,3212,884,3224,848,3224
407,../Crop_Reports/Bengal Crop Reports PNG/cg1893p3_folder_1\cg1893p3_page_261.png,..,849,3277,881,3276,881,3286,849,3287
408,../Crop_Reports/Bengal Crop Reports PNG/cg1893p3_folder_1\cg1893p3_page_261.png,.,1198,3273,1206,3273,1206,3286,1198,3286
409,../Crop_Reports/Bengal Crop Reports PNG/cg1893p3_folder_1\cg1893p3_page_261.png,..,1233,3275,1245,3275,1245,3285,1233,3285
410,../Crop_Reports/Bengal Crop Reports PNG/cg1893p3_folder_1\cg1893p3_page_261.png,48,2806,3299,2878,3298,2879,3344,2807,3345
411,../Crop_Reports/Bengal Crop Reports PNG/cg1893p3_folder_1\cg1893p3_page_261.png,60,2808,3364,2879,3364,2879,3409,2808,3409
412,../Crop_Reports/Bengal Crop Reports PNG/cg1893p3_folder_1\cg1893p3_page_261.png,9,2954,3362,2987,3362,2987,3407,2954,3407
413,../Crop_Reports/Bengal Crop Reports PNG/cg1893p3_folder_1\cg1893p3_page_261.png,50,2810,3428,2881,3428,2881,3473,2810,3473
414,../Crop_Reports/Bengal Crop Reports PNG/cg1893p3_folder_1\cg1893p3_page_261.png,6,2957,3488,2991,3489,2990,3534,2956,3533
415,../Crop_Reports/Bengal Crop Reports PNG/cg1893p3_folder_1\cg1893p3_page_261.png,...,846,3338,880,3337,880,3349,846,3350
416,../Crop_Reports/Bengal Crop Reports PNG/cg1893p3_folder_1\cg1893p3_page_261.png,..,845,3398,883,3398,883,3412,845,3412
417,../Crop_Reports/Bengal Crop Reports PNG/cg1893p3_folder_1\cg1893p3_page_261.png,...,2623,3398,2658,3398,2658,3408,2623,3408
418,../Crop_Reports/Bengal Crop Reports PNG/cg1893p3_folder_1\cg1893p3_page_261.png,...,821,3463,881,3462,881,3478,821,3479
419,../Crop_Reports/Bengal Crop Reports PNG/cg1893p3_folder_1\cg1893p3_page_261.png,..,1179,3464,1217,3464,1217,3478,1179,3478
420,../Crop_Reports/Bengal Crop Reports PNG/cg1893p3_folder_1\cg1893p3_page_261.png,...,2618,3459,2668,3460,2668,3477,2618,3476
421,../Crop_Reports/Bengal Crop Reports PNG/cg1893p3_folder_1\cg1893p3_page_261.png,80,2812,3490,2881,3490,2881,3537,2812,3537
422,../Crop_Reports/Bengal Crop Reports PNG/cg1893p3_folder_1\cg1893p3_page_261.png,88,2812,3552,2883,3552,2883,3601,2812,3601
423,../Crop_Reports/Bengal Crop Reports PNG/cg1893p3_folder_1\cg1893p3_page_261.png,...,1208,3527,1243,3527,1243,3538,1208,3538
424,../Crop_Reports/Bengal Crop Reports PNG/cg1893p3_folder_1\cg1893p3_page_261.png,...,2626,3525,2661,3525,2661,3538,2626,3538
425,../Crop_Reports/Bengal Crop Reports PNG/cg1893p3_folder_1\cg1893p3_page_261.png,4,2958,3559,2991,3559,2991,3601,2958,3601
426,../Crop_Reports/Bengal Crop Reports PNG/cg1893p3_folder_1\cg1893p3_page_261.png,...,1206,3591,1242,3591,1242,3603,1206,3603
427,../Crop_Reports/Bengal Crop Reports PNG/cg1893p3_folder_1\cg1893p3_page_261.png,2.,1076,3752,1231,3751,1231,3813,1076,3814
428,../Crop_Reports/Bengal Crop Reports PNG/cg1893p3_folder_1\cg1893p3_page_261.png,average,1232,3757,1465,3756,1465,3811,1232,3813
429,../Crop_Reports/Bengal Crop Reports PNG/cg1893p3_folder_1\cg1893p3_page_261.png,annual,1490,3753,1681,3752,1681,3800,1490,3801
430,../Crop_Reports/Bengal Crop Reports PNG/cg1893p3_folder_1\cg1893p3_page_261.png,price,1692,3754,1835,3753,1835,3809,1692,3810
431,../Crop_Reports/Bengal Crop Reports PNG/cg1893p3_folder_1\cg1893p3_page_261.png,of,1860,3749,1921,3749,1921,3808,1860,3808
432,../Crop_Reports/Bengal Crop Reports PNG/cg1893p3_folder_1\cg1893p3_page_261.png,common,1946,3764,2163,3763,2163,3797,1946,3798
433,../Crop_Reports/Bengal Crop Reports PNG/cg1893p3_folder_1\cg1893p3_page_261.png,sice.,2200,3751,2323,3750,2323,3795,2200,3796
434,../Crop_Reports/Bengal Crop Reports PNG/cg1893p3_folder_1\cg1893p3_page_261.png,year.,1876,3864,1997,3867,1996,3905,1875,3902
435,../Crop_Reports/Bengal Crop Reports PNG/cg1893p3_folder_1\cg1893p3_page_261.png,averago,1298,3873,1481,3870,1482,3910,1299,3913
436,../Crop_Reports/Bengal Crop Reports PNG/cg1893p3_folder_1\cg1893p3_page_261.png,in,1500,3871,1539,3870,1539,3905,1500,3906
437,../Crop_Reports/Bengal Crop Reports PNG/cg1893p3_folder_1\cg1893p3_page_261.png,seers,1558,3880,1665,3879,1665,3905,1558,3906
438,../Crop_Reports/Bengal Crop Reports PNG/cg1893p3_folder_1\cg1893p3_page_261.png,per,1363,3920,1455,3920,1455,3965,1363,3965
439,../Crop_Reports/Bengal Crop Reports PNG/cg1893p3_folder_1\cg1893p3_page_261.png,rupee.,1456,3924,1589,3924,1589,3959,1456,3959
440,../Crop_Reports/Bengal Crop Reports PNG/cg1893p3_folder_1\cg1893p3_page_261.png,8.,1396,3976,1453,3980,1450,4026,1393,4023
441,../Crop_Reports/Bengal Crop Reports PNG/cg1893p3_folder_1\cg1893p3_page_261.png,.,1479,3986,1572,3992,1570,4029,1477,4023
442,../Crop_Reports/Bengal Crop Reports PNG/cg1893p3_folder_1\cg1893p3_page_261.png,58,1396,4042,1465,4042,1465,4089,1396,4089
443,../Crop_Reports/Bengal Crop Reports PNG/cg1893p3_folder_1\cg1893p3_page_261.png,5,1538,4042,1571,4042,1571,4089,1538,4089
444,../Crop_Reports/Bengal Crop Reports PNG/cg1893p3_folder_1\cg1893p3_page_261.png,26,1392,4106,1463,4105,1463,4154,1392,4155
445,../Crop_Reports/Bengal Crop Reports PNG/cg1893p3_folder_1\cg1893p3_page_261.png,15,1504,4105,1571,4105,1571,4154,1504,4154
446,../Crop_Reports/Bengal Crop Reports PNG/cg1893p3_folder_1\cg1893p3_page_261.png,24,1392,4170,1465,4170,1465,4217,1392,4217
447,../Crop_Reports/Bengal Crop Reports PNG/cg1893p3_folder_1\cg1893p3_page_261.png,8,1536,4168,1571,4168,1571,4215,1536,4215
448,../Crop_Reports/Bengal Crop Reports PNG/cg1893p3_folder_1\cg1893p3_page_261.png,27,1396,4234,1465,4234,1465,4281,1396,4281
449,../Crop_Reports/Bengal Crop Reports PNG/cg1893p3_folder_1\cg1893p3_page_261.png,13,1506,4233,1573,4233,1573,4280,1506,4280
450,../Crop_Reports/Bengal Crop Reports PNG/cg1893p3_folder_1\cg1893p3_page_261.png,16,1396,4298,1465,4298,1465,4345,1396,4345
451,../Crop_Reports/Bengal Crop Reports PNG/cg1893p3_folder_1\cg1893p3_page_261.png,9,1538,4296,1571,4296,1571,4345,1538,4345
452,../Crop_Reports/Bengal Crop Reports PNG/cg1893p3_folder_1\cg1893p3_page_261.png,14,1396,4362,1465,4362,1465,4407,1396,4407
453,../Crop_Reports/Bengal Crop Reports PNG/cg1893p3_folder_1\cg1893p3_page_261.png,4,1538,4364,1573,4364,1573,4407,1538,4407
454,../Crop_Reports/Bengal Crop Reports PNG/cg1893p3_folder_1\cg1893p3_page_261.png,average,2730,3872,2913,3872,2913,3913,2730,3913
455,../Crop_Reports/Bengal Crop Reports PNG/cg1893p3_folder_1\cg1893p3_page_261.png,in,2930,3872,2973,3872,2973,3907,2930,3907
456,../Crop_Reports/Bengal Crop Reports PNG/cg1893p3_folder_1\cg1893p3_page_261.png,seera,2990,3884,3099,3884,3099,3909,2990,3909
457,../Crop_Reports/Bengal Crop Reports PNG/cg1893p3_folder_1\cg1893p3_page_261.png,por,2786,3924,2861,3925,2860,3960,2785,3959
458,../Crop_Reports/Bengal Crop Reports PNG/cg1893p3_folder_1\cg1893p3_page_261.png,rupe.,2876,3925,3013,3927,3012,3963,2875,3961
459,../Crop_Reports/Bengal Crop Reports PNG/cg1893p3_folder_1\cg1893p3_page_261.png,yoar,486,3882,607,3887,606,3922,485,3918
460,../Crop_Reports/Bengal Crop Reports PNG/cg1893p3_folder_1\cg1893p3_page_261.png,1843,458,4054,599,4054,599,4101,458,4101
461,../Crop_Reports/Bengal Crop Reports PNG/cg1893p3_folder_1\cg1893p3_page_261.png,1874,464,4114,603,4116,602,4167,463,4165
462,../Crop_Reports/Bengal Crop Reports PNG/cg1893p3_folder_1\cg1893p3_page_261.png,1875,462,4180,599,4178,600,4227,463,4229
463,../Crop_Reports/Bengal Crop Reports PNG/cg1893p3_folder_1\cg1893p3_page_261.png,1876,458,4243,598,4242,598,4292,458,4293
464,../Crop_Reports/Bengal Crop Reports PNG/cg1893p3_folder_1\cg1893p3_page_261.png,1877,452,4309,593,4304,595,4354,454,4359
465,../Crop_Reports/Bengal Crop Reports PNG/cg1893p3_folder_1\cg1893p3_page_261.png,1878,456,4371,595,4369,596,4417,457,4419
466,../Crop_Reports/Bengal Crop Reports PNG/cg1893p3_folder_1\cg1893p3_page_261.png,1879,454,4437,595,4435,596,4483,455,4485
467,../Crop_Reports/Bengal Crop Reports PNG/cg1893p3_folder_1\cg1893p3_page_261.png,1880,454,4499,595,4497,596,4547,455,4549
468,../Crop_Reports/Bengal Crop Reports PNG/cg1893p3_folder_1\cg1893p3_page_261.png,1881,454,4566,591,4559,593,4609,456,4616
469,../Crop_Reports/Bengal Crop Reports PNG/cg1893p3_folder_1\cg1893p3_page_261.png,1882,450,4629,595,4622,598,4675,453,4683
470,../Crop_Reports/Bengal Crop Reports PNG/cg1893p3_folder_1\cg1893p3_page_261.png,1883,1874,4036,2015,4036,2015,4085,1874,4085
471,../Crop_Reports/Bengal Crop Reports PNG/cg1893p3_folder_1\cg1893p3_page_261.png,1884,1880,4100,2013,4099,2013,4150,1880,4151
472,../Crop_Reports/Bengal Crop Reports PNG/cg1893p3_folder_1\cg1893p3_page_261.png,1885,1876,4164,2013,4165,2013,4216,1876,4215
473,../Crop_Reports/Bengal Crop Reports PNG/cg1893p3_folder_1\cg1893p3_page_261.png,1886,1876,4226,2015,4226,2015,4275,1876,4275
474,../Crop_Reports/Bengal Crop Reports PNG/cg1893p3_folder_1\cg1893p3_page_261.png,1887,1874,4292,2013,4291,2013,4340,1874,4341
475,../Crop_Reports/Bengal Crop Reports PNG/cg1893p3_folder_1\cg1893p3_page_261.png,1888,1874,4353,2013,4356,2012,4406,1873,4403
476,../Crop_Reports/Bengal Crop Reports PNG/cg1893p3_folder_1\cg1893p3_page_261.png,1889,1876,4420,2013,4419,2014,4468,1877,4469
477,../Crop_Reports/Bengal Crop Reports PNG/cg1893p3_folder_1\cg1893p3_page_261.png,1890,1874,4484,2015,4484,2015,4533,1874,4533
478,../Crop_Reports/Bengal Crop Reports PNG/cg1893p3_folder_1\cg1893p3_page_261.png,1891,1874,4546,2013,4547,2012,4600,1873,4599
479,../Crop_Reports/Bengal Crop Reports PNG/cg1893p3_folder_1\cg1893p3_page_261.png,8.,2806,3977,2863,3982,2859,4028,2802,4024
480,../Crop_Reports/Bengal Crop Reports PNG/cg1893p3_folder_1\cg1893p3_page_261.png,.,2901,3990,2992,3997,2989,4032,2898,4025
481,../Crop_Reports/Bengal Crop Reports PNG/cg1893p3_folder_1\cg1893p3_page_261.png,27,2810,4044,2879,4044,2879,4091,2810,4091
482,../Crop_Reports/Bengal Crop Reports PNG/cg1893p3_folder_1\cg1893p3_page_261.png,2,2950,4044,2987,4044,2987,4091,2950,4091
483,../Crop_Reports/Bengal Crop Reports PNG/cg1893p3_folder_1\cg1893p3_page_261.png,18,2816,4108,2881,4109,2881,4156,2816,4155
484,../Crop_Reports/Bengal Crop Reports PNG/cg1893p3_folder_1\cg1893p3_page_261.png,-,2908,4131,2929,4131,2929,4142,2908,4142
485,../Crop_Reports/Bengal Crop Reports PNG/cg1893p3_folder_1\cg1893p3_page_261.png,2,2954,4109,2991,4109,2991,4154,2954,4154
486,../Crop_Reports/Bengal Crop Reports PNG/cg1893p3_folder_1\cg1893p3_page_261.png,16,2812,4168,2883,4169,2882,4220,2811,4219
487,../Crop_Reports/Bengal Crop Reports PNG/cg1893p3_folder_1\cg1893p3_page_261.png,3,2956,4171,2989,4172,2988,4219,2955,4218
488,../Crop_Reports/Bengal Crop Reports PNG/cg1893p3_folder_1\cg1893p3_page_261.png,16,2810,4236,2879,4236,2879,4283,2810,4283
489,../Crop_Reports/Bengal Crop Reports PNG/cg1893p3_folder_1\cg1893p3_page_261.png,8,2952,4235,2987,4235,2987,4280,2952,4280
490,../Crop_Reports/Bengal Crop Reports PNG/cg1893p3_folder_1\cg1893p3_page_261.png,18,2812,4298,2877,4299,2877,4346,2812,4345
491,../Crop_Reports/Bengal Crop Reports PNG/cg1893p3_folder_1\cg1893p3_page_261.png,9,2954,4302,2987,4302,2987,4345,2954,4345
492,../Crop_Reports/Bengal Crop Reports PNG/cg1893p3_folder_1\cg1893p3_page_261.png,18,2812,4358,2881,4359,2880,4410,2811,4409
493,../Crop_Reports/Bengal Crop Reports PNG/cg1893p3_folder_1\cg1893p3_page_261.png,8,2952,4365,2987,4366,2986,4413,2951,4412
494,../Crop_Reports/Bengal Crop Reports PNG/cg1893p3_folder_1\cg1893p3_page_261.png,17,2808,4426,2879,4426,2879,4473,2808,4473
495,../Crop_Reports/Bengal Crop Reports PNG/cg1893p3_folder_1\cg1893p3_page_261.png,3,2952,4426,2985,4426,2985,4473,2952,4473
496,../Crop_Reports/Bengal Crop Reports PNG/cg1893p3_folder_1\cg1893p3_page_261.png,24,2806,4489,2877,4488,2877,4538,2806,4539
497,../Crop_Reports/Bengal Crop Reports PNG/cg1893p3_folder_1\cg1893p3_page_261.png,5,2950,4493,2983,4493,2983,4538,2950,4538
498,../Crop_Reports/Bengal Crop Reports PNG/cg1893p3_folder_1\cg1893p3_page_261.png,24,2808,4554,2879,4554,2879,4601,2808,4601
499,../Crop_Reports/Bengal Crop Reports PNG/cg1893p3_folder_1\cg1893p3_page_261.png,3,2952,4554,2985,4554,2985,4601,2952,4601
500,../Crop_Reports/Bengal Crop Reports PNG/cg1893p3_folder_1\cg1893p3_page_261.png,...,2624,4080,2656,4081,2656,4089,2624,4088
501,../Crop_Reports/Bengal Crop Reports PNG/cg1893p3_folder_1\cg1893p3_page_261.png,..,2265,4205,2297,4205,2297,4214,2265,4214
502,../Crop_Reports/Bengal Crop Reports PNG/cg1893p3_folder_1\cg1893p3_page_261.png,...,2624,4206,2658,4206,2658,4218,2624,4218
503,../Crop_Reports/Bengal Crop Reports PNG/cg1893p3_folder_1\cg1893p3_page_261.png,...,1206,4270,1241,4270,1241,4282,1206,4282
504,../Crop_Reports/Bengal Crop Reports PNG/cg1893p3_folder_1\cg1893p3_page_261.png,...,1183,4396,1242,4396,1242,4409,1183,4409
505,../Crop_Reports/Bengal Crop Reports PNG/cg1893p3_folder_1\cg1893p3_page_261.png,15,1394,4423,1459,4422,1460,4472,1395,4473
506,../Crop_Reports/Bengal Crop Reports PNG/cg1893p3_folder_1\cg1893p3_page_261.png,4,1534,4424,1569,4424,1569,4471,1534,4471
507,../Crop_Reports/Bengal Crop Reports PNG/cg1893p3_folder_1\cg1893p3_page_261.png,18,1394,4488,1463,4487,1464,4538,1395,4539
508,../Crop_Reports/Bengal Crop Reports PNG/cg1893p3_folder_1\cg1893p3_page_261.png,8,1536,4485,1573,4484,1574,4533,1537,4534
509,../Crop_Reports/Bengal Crop Reports PNG/cg1893p3_folder_1\cg1893p3_page_261.png,...,2621,4524,2656,4524,2656,4536,2621,4536
510,../Crop_Reports/Bengal Crop Reports PNG/cg1893p3_folder_1\cg1893p3_page_261.png,29,1386,4553,1459,4552,1460,4600,1387,4601
511,../Crop_Reports/Bengal Crop Reports PNG/cg1893p3_folder_1\cg1893p3_page_261.png,8.,1536,4554,1573,4554,1573,4599,1536,4599
512,../Crop_Reports/Bengal Crop Reports PNG/cg1893p3_folder_1\cg1893p3_page_261.png,...,2236,4586,2297,4586,2297,4600,2236,4600
513,../Crop_Reports/Bengal Crop Reports PNG/cg1893p3_folder_1\cg1893p3_page_261.png,30,1390,4615,1459,4615,1459,4665,1390,4665
514,../Crop_Reports/Bengal Crop Reports PNG/cg1893p3_folder_1\cg1893p3_page_261.png,8,1535,4614,1570,4614,1570,4664,1535,4664
515,../Crop_Reports/Bengal Crop Reports PNG/cg1893p3_folder_1\cg1893p3_page_261.png,the,472,4756,615,4756,615,4815,472,4815
516,../Crop_Reports/Bengal Crop Reports PNG/cg1893p3_folder_1\cg1893p3_page_261.png,statistics,656,4756,951,4756,951,4815,656,4815
517,../Crop_Reports/Bengal Crop Reports PNG/cg1893p3_folder_1\cg1893p3_page_261.png,in,996,4756,1063,4756,1063,4811,996,4811
518,../Crop_Reports/Bengal Crop Reports PNG/cg1893p3_folder_1\cg1893p3_page_261.png,both,1092,4756,1243,4756,1243,4811,1092,4811
519,../Crop_Reports/Bengal Crop Reports PNG/cg1893p3_folder_1\cg1893p3_page_261.png,tables,1284,4752,1487,4752,1487,4811,1284,4811
520,../Crop_Reports/Bengal Crop Reports PNG/cg1893p3_folder_1\cg1893p3_page_261.png,are,1532,4772,1635,4772,1635,4811,1532,4811
521,../Crop_Reports/Bengal Crop Reports PNG/cg1893p3_folder_1\cg1893p3_page_261.png,very,1688,4768,1843,4768,1843,4823,1688,4823
522,../Crop_Reports/Bengal Crop Reports PNG/cg1893p3_folder_1\cg1893p3_page_261.png,remarkable,1884,4748,2291,4748,2291,4823,1884,4823
523,../Crop_Reports/Bengal Crop Reports PNG/cg1893p3_folder_1\cg1893p3_page_261.png,especially,2336,4748,2675,4748,2675,4823,2336,4823
524,../Crop_Reports/Bengal Crop Reports PNG/cg1893p3_folder_1\cg1893p3_page_261.png,those,2704,4752,2883,4752,2883,4811,2704,4811
525,../Crop_Reports/Bengal Crop Reports PNG/cg1893p3_folder_1\cg1893p3_page_261.png,in,2912,4752,2979,4752,2979,4815,2912,4815
526,../Crop_Reports/Bengal Crop Reports PNG/cg1893p3_folder_1\cg1893p3_page_261.png,the,3024,4756,3135,4756,3135,4815,3024,4815
527,../Crop_Reports/Bengal Crop Reports PNG/cg1893p3_folder_1\cg1893p3_page_261.png,former.,300,4840,555,4840,555,4895,300,4895
528,../Crop_Reports/Bengal Crop Reports PNG/cg1893p3_folder_1\cg1893p3_page_261.png,it,650,4824,721,4824,721,4899,650,4899
529,../Crop_Reports/Bengal Crop Reports PNG/cg1893p3_folder_1\cg1893p3_page_261.png,will,738,4828,865,4828,865,4889,738,4889
530,../Crop_Reports/Bengal Crop Reports PNG/cg1893p3_folder_1\cg1893p3_page_261.png,be,908,4830,989,4830,989,4887,908,4887
531,../Crop_Reports/Bengal Crop Reports PNG/cg1893p3_folder_1\cg1893p3_page_261.png,seen,1032,4846,1177,4846,1177,4885,1032,4885
532,../Crop_Reports/Bengal Crop Reports PNG/cg1893p3_folder_1\cg1893p3_page_261.png,that,1224,4826,1361,4826,1361,4885,1224,4885
533,../Crop_Reports/Bengal Crop Reports PNG/cg1893p3_folder_1\cg1893p3_page_261.png,the,1404,4826,1513,4826,1513,4885,1404,4885
534,../Crop_Reports/Bengal Crop Reports PNG/cg1893p3_folder_1\cg1893p3_page_261.png,average,1556,4824,1823,4824,1823,4899,1556,4899
535,../Crop_Reports/Bengal Crop Reports PNG/cg1893p3_folder_1\cg1893p3_page_261.png,selling,1864,4824,2091,4824,2091,4899,1864,4899
536,../Crop_Reports/Bengal Crop Reports PNG/cg1893p3_folder_1\cg1893p3_page_261.png,price,2136,4824,2309,4824,2309,4899,2136,4899
537,../Crop_Reports/Bengal Crop Reports PNG/cg1893p3_folder_1\cg1893p3_page_261.png,of,2330,4824,2423,4824,2423,4899,2330,4899
538,../Crop_Reports/Bengal Crop Reports PNG/cg1893p3_folder_1\cg1893p3_page_261.png,raiyati,2462,4824,2695,4824,2695,4899,2462,4899
539,../Crop_Reports/Bengal Crop Reports PNG/cg1893p3_folder_1\cg1893p3_page_261.png,holdings,2738,4826,3033,4826,3033,4899,2738,4899
540,../Crop_Reports/Bengal Crop Reports PNG/cg1893p3_folder_1\cg1893p3_page_261.png,in,3062,4830,3131,4830,3131,4887,3062,4887
541,../Crop_Reports/Bengal Crop Reports PNG/cg1893p3_folder_1\cg1893p3_page_261.png,banki,300,4908,511,4908,511,4967,300,4967
542,../Crop_Reports/Bengal Crop Reports PNG/cg1893p3_folder_1\cg1893p3_page_261.png,has,536,4908,651,4908,651,4975,536,4975
543,../Crop_Reports/Bengal Crop Reports PNG/cg1893p3_folder_1\cg1893p3_page_261.png,risen,672,4896,871,4896,871,4975,672,4975
544,../Crop_Reports/Bengal Crop Reports PNG/cg1893p3_folder_1\cg1893p3_page_261.png,by,872,4900,963,4900,963,4975,872,4975
545,../Crop_Reports/Bengal Crop Reports PNG/cg1893p3_folder_1\cg1893p3_page_261.png,800,992,4904,1119,4904,1119,4959,992,4959
546,../Crop_Reports/Bengal Crop Reports PNG/cg1893p3_folder_1\cg1893p3_page_261.png,per,1144,4920,1255,4920,1255,4975,1144,4975
547,../Crop_Reports/Bengal Crop Reports PNG/cg1893p3_folder_1\cg1893p3_page_261.png,cent.,1284,4904,1447,4904,1447,4959,1284,4959
548,../Crop_Reports/Bengal Crop Reports PNG/cg1893p3_folder_1\cg1893p3_page_261.png,within,1480,4900,1703,4900,1703,4975,1480,4975
549,../Crop_Reports/Bengal Crop Reports PNG/cg1893p3_folder_1\cg1893p3_page_261.png,the,1728,4896,1839,4896,1839,4975,1728,4975
550,../Crop_Reports/Bengal Crop Reports PNG/cg1893p3_folder_1\cg1893p3_page_261.png,last,1864,4900,1983,4900,1983,4975,1864,4975
551,../Crop_Reports/Bengal Crop Reports PNG/cg1893p3_folder_1\cg1893p3_page_261.png,twenty-three,2028,4896,2487,4896,2487,4975,2028,4975
552,../Crop_Reports/Bengal Crop Reports PNG/cg1893p3_folder_1\cg1893p3_page_261.png,years.,2504,4896,2723,4896,2723,4975,2504,4975
553,../Crop_Reports/Bengal Crop Reports PNG/cg1893p3_folder_1\cg1893p3_page_261.png,this,2808,4896,2963,4896,2963,4975,2808,4975
554,../Crop_Reports/Bengal Crop Reports PNG/cg1893p3_folder_1\cg1893p3_page_261.png,rise,2980,4896,3135,4896,3135,4975,2980,4975
555,../Crop_Reports/Bengal Crop Reports PNG/cg1893p3_folder_1\cg1893p3_page_261.png,moreover,296,4972,643,4972,643,5051,296,5051
556,../Crop_Reports/Bengal Crop Reports PNG/cg1893p3_folder_1\cg1893p3_page_261.png,has,676,4980,787,4980,787,5055,676,5055
557,../Crop_Reports/Bengal Crop Reports PNG/cg1893p3_folder_1\cg1893p3_page_261.png,been,816,4968,975,4968,975,5055,816,5055
558,../Crop_Reports/Bengal Crop Reports PNG/cg1893p3_folder_1\cg1893p3_page_261.png,virtually,1000,4968,1303,4968,1303,5055,1000,5055
559,../Crop_Reports/Bengal Crop Reports PNG/cg1893p3_folder_1\cg1893p3_page_261.png,continuous,1332,4972,1723,4972,1723,5055,1332,5055
560,../Crop_Reports/Bengal Crop Reports PNG/cg1893p3_folder_1\cg1893p3_page_261.png,the,1752,4972,1863,4972,1863,5031,1752,5031
561,../Crop_Reports/Bengal Crop Reports PNG/cg1893p3_folder_1\cg1893p3_page_261.png,price,1892,4972,2067,4972,2067,5055,1892,5055
562,../Crop_Reports/Bengal Crop Reports PNG/cg1893p3_folder_1\cg1893p3_page_261.png,receding,2084,4968,2387,4968,2387,5055,2084,5055
563,../Crop_Reports/Bengal Crop Reports PNG/cg1893p3_folder_1\cg1893p3_page_261.png,slightly,2412,4968,2679,4968,2679,5055,2412,5055
564,../Crop_Reports/Bengal Crop Reports PNG/cg1893p3_folder_1\cg1893p3_page_261.png,in,2702,4968,2771,4968,2771,5055,2702,5055
565,../Crop_Reports/Bengal Crop Reports PNG/cg1893p3_folder_1\cg1893p3_page_261.png,years,2812,4996,3011,4996,3011,5055,2812,5055
566,../Crop_Reports/Bengal Crop Reports PNG/cg1893p3_folder_1\cg1893p3_page_261.png,of,3064,4968,3131,4968,3131,5035,3064,5035
567,../Crop_Reports/Bengal Crop Reports PNG/cg1893p3_folder_1\cg1893p3_page_261.png,scarcity,300,5057,569,5056,569,5132,300,5133
568,../Crop_Reports/Bengal Crop Reports PNG/cg1893p3_folder_1\cg1893p3_page_261.png,and,617,5048,739,5047,739,5129,617,5130
569,../Crop_Reports/Bengal Crop Reports PNG/cg1893p3_folder_1\cg1893p3_page_261.png,advancing,785,5047,1145,5045,1145,5127,785,5129
570,../Crop_Reports/Bengal Crop Reports PNG/cg1893p3_folder_1\cg1893p3_page_261.png,again,1196,5045,1409,5044,1409,5128,1196,5129
571,../Crop_Reports/Bengal Crop Reports PNG/cg1893p3_folder_1\cg1893p3_page_261.png,directly,1470,5044,1741,5043,1741,5127,1470,5128
572,../Crop_Reports/Bengal Crop Reports PNG/cg1893p3_folder_1\cg1893p3_page_261.png,prosperity,1766,5043,2147,5041,2147,5125,1766,5127
573,../Crop_Reports/Bengal Crop Reports PNG/cg1893p3_folder_1\cg1893p3_page_261.png,was,2213,5041,2335,5040,2335,5121,2213,5122
574,../Crop_Reports/Bengal Crop Reports PNG/cg1893p3_folder_1\cg1893p3_page_261.png,restored.,2396,5040,2693,5039,2693,5107,2396,5108
575,../Crop_Reports/Bengal Crop Reports PNG/cg1893p3_folder_1\cg1893p3_page_261.png,no,2780,5038,2881,5038,2881,5108,2780,5108
576,../Crop_Reports/Bengal Crop Reports PNG/cg1893p3_folder_1\cg1893p3_page_261.png,better,2924,5038,3131,5037,3131,5111,2924,5112
577,../Crop_Reports/Bengal Crop Reports PNG/cg1893p3_folder_1\cg1893p3_page_261.png,evidence,300,5116,595,5116,595,5191,300,5191
578,../Crop_Reports/Bengal Crop Reports PNG/cg1893p3_folder_1\cg1893p3_page_261.png,could,644,5124,831,5124,831,5187,644,5187
579,../Crop_Reports/Bengal Crop Reports PNG/cg1893p3_folder_1\cg1893p3_page_261.png,be,876,5128,955,5128,955,5187,876,5187
580,../Crop_Reports/Bengal Crop Reports PNG/cg1893p3_folder_1\cg1893p3_page_261.png,wished,984,5116,1223,5116,1223,5187,984,5187
581,../Crop_Reports/Bengal Crop Reports PNG/cg1893p3_folder_1\cg1893p3_page_261.png,for,1256,5116,1355,5116,1355,5183,1256,5183
582,../Crop_Reports/Bengal Crop Reports PNG/cg1893p3_folder_1\cg1893p3_page_261.png,of,1384,5124,1451,5124,1451,5183,1384,5183
583,../Crop_Reports/Bengal Crop Reports PNG/cg1893p3_folder_1\cg1893p3_page_261.png,the,1480,5124,1591,5124,1591,5179,1480,5179
584,../Crop_Reports/Bengal Crop Reports PNG/cg1893p3_folder_1\cg1893p3_page_261.png,steady,1616,5116,1839,5116,1839,5195,1616,5195
585,../Crop_Reports/Bengal Crop Reports PNG/cg1893p3_folder_1\cg1893p3_page_261.png,and,1868,5116,1995,5116,1995,5179,1868,5179
586,../Crop_Reports/Bengal Crop Reports PNG/cg1893p3_folder_1\cg1893p3_page_261.png,growing,2024,5116,2311,5116,2311,5195,2024,5195
587,../Crop_Reports/Bengal Crop Reports PNG/cg1893p3_folder_1\cg1893p3_page_261.png,prosperity,2340,5120,2699,5120,2699,5195,2340,5195
588,../Crop_Reports/Bengal Crop Reports PNG/cg1893p3_folder_1\cg1893p3_page_261.png,of,2728,5124,2799,5124,2799,5183,2728,5183
589,../Crop_Reports/Bengal Crop Reports PNG/cg1893p3_folder_1\cg1893p3_page_261.png,the,2824,5124,2935,5124,2935,5183,2824,5183
590,../Crop_Reports/Bengal Crop Reports PNG/cg1893p3_folder_1\cg1893p3_page_261.png,agri-,2960,5124,3127,5124,3127,5195,2960,5195
591,../Crop_Reports/Bengal Crop Reports PNG/cg1893p3_folder_1\cg1893p3_page_261.png,:,885,3596,885,3612,836,3612,836,3596
592,../Crop_Reports/Bengal Crop Reports PNG/cg1893p3_folder_1\cg1893p3_page_261.png,::,885,4079,885,4223,822,4223,822,4079
0,../Crop_Reports/Bengal Crop Reports PNG/cg1893p3_folder_1\cg1893p3_page_262.png,supplement,526,262,1061,270,1060,329,525,321
1,../Crop_Reports/Bengal Crop Reports PNG/cg1893p3_folder_1\cg1893p3_page_262.png,to,1100,271,1195,273,1194,325,1099,324
2,../Crop_Reports/Bengal Crop Reports PNG/cg1893p3_folder_1\cg1893p3_page_262.png,the,1234,267,1401,270,1400,325,1233,322
3,../Crop_Reports/Bengal Crop Reports PNG/cg1893p3_folder_1\cg1893p3_page_262.png,caloutta,1438,270,1841,276,1840,332,1437,326
4,../Crop_Reports/Bengal Crop Reports PNG/cg1893p3_folder_1\cg1893p3_page_262.png,gazette,1880,279,2243,285,2242,353,1879,347
5,../Crop_Reports/Bengal Crop Reports PNG/cg1893p3_folder_1\cg1893p3_page_262.png,april,2278,290,2525,294,2524,349,2277,345
6,../Crop_Reports/Bengal Crop Reports PNG/cg1893p3_folder_1\cg1893p3_page_262.png,12,2564,296,2649,297,2648,358,2563,357
7,../Crop_Reports/Bengal Crop Reports PNG/cg1893p3_folder_1\cg1893p3_page_262.png,1893.,2692,298,2845,300,2844,351,2691,349
8,../Crop_Reports/Bengal Crop Reports PNG/cg1893p3_folder_1\cg1893p3_page_262.png,847,3014,304,3115,306,3114,353,3013,351
9,../Crop_Reports/Bengal Crop Reports PNG/cg1893p3_folder_1\cg1893p3_page_262.png,cultural,302,488,569,488,569,547,302,547
10,../Crop_Reports/Bengal Crop Reports PNG/cg1893p3_folder_1\cg1893p3_page_262.png,population,610,488,977,488,977,563,610,563
11,../Crop_Reports/Bengal Crop Reports PNG/cg1893p3_folder_1\cg1893p3_page_262.png,of,1016,490,1085,490,1085,545,1016,545
12,../Crop_Reports/Bengal Crop Reports PNG/cg1893p3_folder_1\cg1893p3_page_262.png,this,1132,492,1259,492,1259,547,1132,547
13,../Crop_Reports/Bengal Crop Reports PNG/cg1893p3_folder_1\cg1893p3_page_262.png,estate.,1304,496,1521,496,1521,547,1304,547
14,../Crop_Reports/Bengal Crop Reports PNG/cg1893p3_folder_1\cg1893p3_page_262.png,the,1612,490,1751,494,1749,553,1610,549
15,../Crop_Reports/Bengal Crop Reports PNG/cg1893p3_folder_1\cg1893p3_page_262.png,record,1792,495,2009,501,2007,556,1791,550
16,../Crop_Reports/Bengal Crop Reports PNG/cg1893p3_folder_1\cg1893p3_page_262.png,of,2050,502,2117,504,2116,559,2049,557
17,../Crop_Reports/Bengal Crop Reports PNG/cg1893p3_folder_1\cg1893p3_page_262.png,average,2163,525,2424,532,2423,579,2162,572
18,../Crop_Reports/Bengal Crop Reports PNG/cg1893p3_folder_1\cg1893p3_page_262.png,prices,2480,513,2681,518,2679,586,2478,581
19,../Crop_Reports/Bengal Crop Reports PNG/cg1893p3_folder_1\cg1893p3_page_262.png,commences,2735,526,3120,536,3119,581,2734,571
20,../Crop_Reports/Bengal Crop Reports PNG/cg1893p3_folder_1\cg1893p3_page_262.png,with,304,562,457,564,456,624,303,622
21,../Crop_Reports/Bengal Crop Reports PNG/cg1893p3_folder_1\cg1893p3_page_262.png,1843,492,556,673,559,672,627,491,624
22,../Crop_Reports/Bengal Crop Reports PNG/cg1893p3_folder_1\cg1893p3_page_262.png,when,692,560,891,563,890,622,691,619
23,../Crop_Reports/Bengal Crop Reports PNG/cg1893p3_folder_1\cg1893p3_page_262.png,common,924,563,1227,567,1226,635,923,631
24,../Crop_Reports/Bengal Crop Reports PNG/cg1893p3_folder_1\cg1893p3_page_262.png,rice,1238,568,1369,570,1368,623,1237,621
25,../Crop_Reports/Bengal Crop Reports PNG/cg1893p3_folder_1\cg1893p3_page_262.png,stood,1400,570,1579,573,1578,641,1399,638
26,../Crop_Reports/Bengal Crop Reports PNG/cg1893p3_folder_1\cg1893p3_page_262.png,at,1606,573,1673,574,1672,621,1605,620
27,../Crop_Reports/Bengal Crop Reports PNG/cg1893p3_folder_1\cg1893p3_page_262.png,58,1706,574,1781,575,1780,642,1705,641
28,../Crop_Reports/Bengal Crop Reports PNG/cg1893p3_folder_1\cg1893p3_page_262.png,seern,1812,586,1973,588,1972,628,1811,626
29,../Crop_Reports/Bengal Crop Reports PNG/cg1893p3_folder_1\cg1893p3_page_262.png,to,2002,581,2067,582,2066,632,2001,631
30,../Crop_Reports/Bengal Crop Reports PNG/cg1893p3_folder_1\cg1893p3_page_262.png,the,2094,580,2197,582,2196,636,2093,634
31,../Crop_Reports/Bengal Crop Reports PNG/cg1893p3_folder_1\cg1893p3_page_262.png,rupee.,2224,582,2427,585,2426,653,2223,650
32,../Crop_Reports/Bengal Crop Reports PNG/cg1893p3_folder_1\cg1893p3_page_262.png,by,2496,587,2603,589,2602,656,2495,654
33,../Crop_Reports/Bengal Crop Reports PNG/cg1893p3_folder_1\cg1893p3_page_262.png,1874,2638,592,2813,595,2812,659,2637,656
34,../Crop_Reports/Bengal Crop Reports PNG/cg1893p3_folder_1\cg1893p3_page_262.png,commu-,2845,609,3114,613,3113,649,2844,645
35,../Crop_Reports/Bengal Crop Reports PNG/cg1893p3_folder_1\cg1893p3_page_262.png,nications,310,636,619,639,618,699,309,696
36,../Crop_Reports/Bengal Crop Reports PNG/cg1893p3_folder_1\cg1893p3_page_262.png,having,632,629,873,632,872,712,631,709
37,../Crop_Reports/Bengal Crop Reports PNG/cg1893p3_folder_1\cg1893p3_page_262.png,meanwhile,890,636,1265,640,1264,715,889,711
38,../Crop_Reports/Bengal Crop Reports PNG/cg1893p3_folder_1\cg1893p3_page_262.png,been,1280,638,1441,640,1440,718,1279,716
39,../Crop_Reports/Bengal Crop Reports PNG/cg1893p3_folder_1\cg1893p3_page_262.png,improved,1456,638,1779,641,1778,721,1455,718
40,../Crop_Reports/Bengal Crop Reports PNG/cg1893p3_folder_1\cg1893p3_page_262.png,by,1816,642,1879,643,1878,722,1815,721
41,../Crop_Reports/Bengal Crop Reports PNG/cg1893p3_folder_1\cg1893p3_page_262.png,the,1896,642,2011,643,2010,723,1895,722
42,../Crop_Reports/Bengal Crop Reports PNG/cg1893p3_folder_1\cg1893p3_page_262.png,opening,2028,644,2291,647,2290,727,2027,724
43,../Crop_Reports/Bengal Crop Reports PNG/cg1893p3_folder_1\cg1893p3_page_262.png,of,2308,647,2385,648,2384,727,2307,726
44,../Crop_Reports/Bengal Crop Reports PNG/cg1893p3_folder_1\cg1893p3_page_262.png,the,2398,658,2509,659,2508,716,2397,715
45,../Crop_Reports/Bengal Crop Reports PNG/cg1893p3_folder_1\cg1893p3_page_262.png,high,2528,649,2701,651,2700,730,2527,728
46,../Crop_Reports/Bengal Crop Reports PNG/cg1893p3_folder_1\cg1893p3_page_262.png,level,2716,651,2909,653,2908,720,2715,718
47,../Crop_Reports/Bengal Crop Reports PNG/cg1893p3_folder_1\cg1893p3_page_262.png,canal,2926,663,3119,665,3118,723,2925,721
48,../Crop_Reports/Bengal Crop Reports PNG/cg1893p3_folder_1\cg1893p3_page_262.png,end,306,710,433,711,432,770,305,769
49,../Crop_Reports/Bengal Crop Reports PNG/cg1893p3_folder_1\cg1893p3_page_262.png,the,470,714,581,715,580,772,469,771
50,../Crop_Reports/Bengal Crop Reports PNG/cg1893p3_folder_1\cg1893p3_page_262.png,development,622,705,1067,709,1066,785,621,781
51,../Crop_Reports/Bengal Crop Reports PNG/cg1893p3_folder_1\cg1893p3_page_262.png,of,1116,715,1185,716,1184,773,1115,772
52,../Crop_Reports/Bengal Crop Reports PNG/cg1893p3_folder_1\cg1893p3_page_262.png,the,1228,713,1337,714,1336,772,1227,771
53,../Crop_Reports/Bengal Crop Reports PNG/cg1893p3_folder_1\cg1893p3_page_262.png,orissa,1382,712,1595,714,1594,790,1381,788
54,../Crop_Reports/Bengal Crop Reports PNG/cg1893p3_folder_1\cg1893p3_page_262.png,ports,1618,721,1825,723,1824,792,1617,790
55,../Crop_Reports/Bengal Crop Reports PNG/cg1893p3_folder_1\cg1893p3_page_262.png,the,1840,717,1967,718,1966,793,1839,792
56,../Crop_Reports/Bengal Crop Reports PNG/cg1893p3_folder_1\cg1893p3_page_262.png,price,2014,719,2179,721,2178,797,2013,795
57,../Crop_Reports/Bengal Crop Reports PNG/cg1893p3_folder_1\cg1893p3_page_262.png,had,2222,721,2343,722,2342,785,2221,784
58,../Crop_Reports/Bengal Crop Reports PNG/cg1893p3_folder_1\cg1893p3_page_262.png,risen,2372,732,2539,734,2538,790,2371,788
59,../Crop_Reports/Bengal Crop Reports PNG/cg1893p3_folder_1\cg1893p3_page_262.png,to,2566,725,2653,726,2652,791,2565,790
60,../Crop_Reports/Bengal Crop Reports PNG/cg1893p3_folder_1\cg1893p3_page_262.png,26,2664,739,2745,740,2744,791,2663,790
61,../Crop_Reports/Bengal Crop Reports PNG/cg1893p3_folder_1\cg1893p3_page_262.png,seers.,2774,752,2955,754,2955,796,2774,794
62,../Crop_Reports/Bengal Crop Reports PNG/cg1893p3_folder_1\cg1893p3_page_262.png,6.,648,603,680,603,680,638,648,638
63,../Crop_Reports/Bengal Crop Reports PNG/cg1893p3_folder_1\cg1893p3_page_262.png,in,3042,738,3121,738,3121,795,3042,795
64,../Crop_Reports/Bengal Crop Reports PNG/cg1893p3_folder_1\cg1893p3_page_262.png,1877-79,311,784,638,789,637,849,310,844
65,../Crop_Reports/Bengal Crop Reports PNG/cg1893p3_folder_1\cg1893p3_page_262.png,the,667,784,774,786,773,846,666,844
66,../Crop_Reports/Bengal Crop Reports PNG/cg1893p3_folder_1\cg1893p3_page_262.png,demand,797,779,1063,783,1062,846,796,842
67,../Crop_Reports/Bengal Crop Reports PNG/cg1893p3_folder_1\cg1893p3_page_262.png,occasioned,1086,784,1455,790,1454,850,1085,844
68,../Crop_Reports/Bengal Crop Reports PNG/cg1893p3_folder_1\cg1893p3_page_262.png,by,1478,790,1567,791,1566,862,1477,861
69,../Crop_Reports/Bengal Crop Reports PNG/cg1893p3_folder_1\cg1893p3_page_262.png,the,1587,791,1695,793,1694,845,1586,843
70,../Crop_Reports/Bengal Crop Reports PNG/cg1893p3_folder_1\cg1893p3_page_262.png,madras,1716,794,1961,798,1960,849,1715,845
71,../Crop_Reports/Bengal Crop Reports PNG/cg1893p3_folder_1\cg1893p3_page_262.png,famine,1982,797,2211,801,2210,873,1981,869
72,../Crop_Reports/Bengal Crop Reports PNG/cg1893p3_folder_1\cg1893p3_page_262.png,sent,2237,812,2372,814,2371,862,2236,860
73,../Crop_Reports/Bengal Crop Reports PNG/cg1893p3_folder_1\cg1893p3_page_262.png,the,2400,805,2509,807,2508,863,2399,861
74,../Crop_Reports/Bengal Crop Reports PNG/cg1893p3_folder_1\cg1893p3_page_262.png,average,2537,822,2800,826,2799,882,2536,878
75,../Crop_Reports/Bengal Crop Reports PNG/cg1893p3_folder_1\cg1893p3_page_262.png,price,2842,811,3011,814,3010,885,2841,882
76,../Crop_Reports/Bengal Crop Reports PNG/cg1893p3_folder_1\cg1893p3_page_262.png,up,3036,829,3123,830,3122,886,3035,885
77,../Crop_Reports/Bengal Crop Reports PNG/cg1893p3_folder_1\cg1893p3_page_262.png,to,304,872,371,873,371,922,304,921
78,../Crop_Reports/Bengal Crop Reports PNG/cg1893p3_folder_1\cg1893p3_page_262.png,rates,402,869,565,871,565,922,402,920
79,../Crop_Reports/Bengal Crop Reports PNG/cg1893p3_folder_1\cg1893p3_page_262.png,varying,592,858,863,861,862,937,591,934
80,../Crop_Reports/Bengal Crop Reports PNG/cg1893p3_folder_1\cg1893p3_page_262.png,from,892,861,1055,863,1054,939,891,937
81,../Crop_Reports/Bengal Crop Reports PNG/cg1893p3_folder_1\cg1893p3_page_262.png,14,1092,865,1165,866,1165,919,1092,918
82,../Crop_Reports/Bengal Crop Reports PNG/cg1893p3_folder_1\cg1893p3_page_262.png,to,1196,872,1261,873,1261,923,1196,922
83,../Crop_Reports/Bengal Crop Reports PNG/cg1893p3_folder_1\cg1893p3_page_262.png,16,1300,866,1373,867,1372,922,1299,921
84,../Crop_Reports/Bengal Crop Reports PNG/cg1893p3_folder_1\cg1893p3_page_262.png,seers,1404,866,1577,868,1576,944,1403,942
85,../Crop_Reports/Bengal Crop Reports PNG/cg1893p3_folder_1\cg1893p3_page_262.png,per,1594,868,1705,869,1704,944,1593,943
86,../Crop_Reports/Bengal Crop Reports PNG/cg1893p3_folder_1\cg1893p3_page_262.png,rupee.,1726,883,1959,885,1958,947,1725,945
87,../Crop_Reports/Bengal Crop Reports PNG/cg1893p3_folder_1\cg1893p3_page_262.png,in,1992,871,2067,872,2066,948,1991,947
88,../Crop_Reports/Bengal Crop Reports PNG/cg1893p3_folder_1\cg1893p3_page_262.png,the,2096,874,2197,875,2196,949,2095,948
89,../Crop_Reports/Bengal Crop Reports PNG/cg1893p3_folder_1\cg1893p3_page_262.png,period,2230,879,2441,881,2440,951,2229,949
90,../Crop_Reports/Bengal Crop Reports PNG/cg1893p3_folder_1\cg1893p3_page_262.png,1881-83,2482,876,2797,879,2796,942,2481,939
91,../Crop_Reports/Bengal Crop Reports PNG/cg1893p3_folder_1\cg1893p3_page_262.png,plentiful,2826,879,3161,882,3160,958,2825,955
92,../Crop_Reports/Bengal Crop Reports PNG/cg1893p3_folder_1\cg1893p3_page_262.png,harvests,304,936,585,939,584,998,303,995
93,../Crop_Reports/Bengal Crop Reports PNG/cg1893p3_folder_1\cg1893p3_page_262.png,raised,632,931,837,933,836,993,631,991
94,../Crop_Reports/Bengal Crop Reports PNG/cg1893p3_folder_1\cg1893p3_page_262.png,the,868,933,975,934,974,992,867,991
95,../Crop_Reports/Bengal Crop Reports PNG/cg1893p3_folder_1\cg1893p3_page_262.png,average,1002,952,1271,955,1270,1011,1001,1008
96,../Crop_Reports/Bengal Crop Reports PNG/cg1893p3_folder_1\cg1893p3_page_262.png,to,1296,943,1365,944,1365,994,1296,993
97,../Crop_Reports/Bengal Crop Reports PNG/cg1893p3_folder_1\cg1893p3_page_262.png,27-30,1394,938,1643,940,1642,1014,1393,1012
98,../Crop_Reports/Bengal Crop Reports PNG/cg1893p3_folder_1\cg1893p3_page_262.png,seers,1672,955,1853,957,1852,1016,1671,1014
99,../Crop_Reports/Bengal Crop Reports PNG/cg1893p3_folder_1\cg1893p3_page_262.png,while,1886,943,2067,945,2066,1018,1885,1016
100,../Crop_Reports/Bengal Crop Reports PNG/cg1893p3_folder_1\cg1893p3_page_262.png,in,2096,945,2161,946,2160,1001,2095,1000
101,../Crop_Reports/Bengal Crop Reports PNG/cg1893p3_folder_1\cg1893p3_page_262.png,1885-86,2194,946,2455,948,2454,1011,2193,1009
102,../Crop_Reports/Bengal Crop Reports PNG/cg1893p3_folder_1\cg1893p3_page_262.png,the,2486,952,2591,953,2590,1011,2485,1010
103,../Crop_Reports/Bengal Crop Reports PNG/cg1893p3_folder_1\cg1893p3_page_262.png,cyclone,2622,950,2895,953,2894,1026,2621,1023
104,../Crop_Reports/Bengal Crop Reports PNG/cg1893p3_folder_1\cg1893p3_page_262.png,floods,2926,956,3123,958,3122,1026,2925,1024
105,../Crop_Reports/Bengal Crop Reports PNG/cg1893p3_folder_1\cg1893p3_page_262.png,and,306,1010,433,1011,433,1069,306,1068
106,../Crop_Reports/Bengal Crop Reports PNG/cg1893p3_folder_1\cg1893p3_page_262.png,failure,459,1011,690,1013,690,1071,459,1069
107,../Crop_Reports/Bengal Crop Reports PNG/cg1893p3_folder_1\cg1893p3_page_262.png,of,721,1009,790,1010,790,1066,721,1065
108,../Crop_Reports/Bengal Crop Reports PNG/cg1893p3_folder_1\cg1893p3_page_262.png,crops,840,1027,1019,1028,1019,1083,840,1082
109,../Crop_Reports/Bengal Crop Reports PNG/cg1893p3_folder_1\cg1893p3_page_262.png,brought,1046,1010,1320,1012,1319,1085,1045,1083
110,../Crop_Reports/Bengal Crop Reports PNG/cg1893p3_folder_1\cg1893p3_page_262.png,it,1348,1013,1398,1013,1398,1069,1348,1069
111,../Crop_Reports/Bengal Crop Reports PNG/cg1893p3_folder_1\cg1893p3_page_262.png,down,1429,1014,1614,1015,1614,1070,1429,1069
112,../Crop_Reports/Bengal Crop Reports PNG/cg1893p3_folder_1\cg1893p3_page_262.png,to,1666,1017,1731,1018,1730,1089,1665,1088
113,../Crop_Reports/Bengal Crop Reports PNG/cg1893p3_folder_1\cg1893p3_page_262.png,16-8.,1786,1017,1946,1018,1946,1071,1786,1070
114,../Crop_Reports/Bengal Crop Reports PNG/cg1893p3_folder_1\cg1893p3_page_262.png,it,1998,1018,2093,1019,2092,1092,1997,1091
115,../Crop_Reports/Bengal Crop Reports PNG/cg1893p3_folder_1\cg1893p3_page_262.png,now,2143,1041,2278,1042,2278,1079,2143,1078
116,../Crop_Reports/Bengal Crop Reports PNG/cg1893p3_folder_1\cg1893p3_page_262.png,stands,2329,1026,2541,1028,2541,1085,2329,1083
117,../Crop_Reports/Bengal Crop Reports PNG/cg1893p3_folder_1\cg1893p3_page_262.png,at,2590,1023,2676,1024,2675,1087,2589,1086
118,../Crop_Reports/Bengal Crop Reports PNG/cg1893p3_folder_1\cg1893p3_page_262.png,24.3,2703,1024,2881,1025,2880,1098,2702,1097
119,../Crop_Reports/Bengal Crop Reports PNG/cg1893p3_folder_1\cg1893p3_page_262.png,which,2921,1033,3126,1035,3126,1090,2921,1088
120,../Crop_Reports/Bengal Crop Reports PNG/cg1893p3_folder_1\cg1893p3_page_262.png,may,306,1104,455,1105,455,1154,306,1153
121,../Crop_Reports/Bengal Crop Reports PNG/cg1893p3_folder_1\cg1893p3_page_262.png,perhaps,486,1083,751,1086,750,1158,485,1155
122,../Crop_Reports/Bengal Crop Reports PNG/cg1893p3_folder_1\cg1893p3_page_262.png,be,780,1082,857,1083,856,1143,779,1142
123,../Crop_Reports/Bengal Crop Reports PNG/cg1893p3_folder_1\cg1893p3_page_262.png,assumed,886,1083,1171,1086,1170,1162,885,1159
124,../Crop_Reports/Bengal Crop Reports PNG/cg1893p3_folder_1\cg1893p3_page_262.png,to,1200,1087,1267,1088,1266,1145,1199,1144
125,../Crop_Reports/Bengal Crop Reports PNG/cg1893p3_folder_1\cg1893p3_page_262.png,represent,1288,1087,1615,1090,1614,1166,1287,1163
126,../Crop_Reports/Bengal Crop Reports PNG/cg1893p3_folder_1\cg1893p3_page_262.png,the,1642,1090,1753,1091,1752,1167,1641,1166
127,../Crop_Reports/Bengal Crop Reports PNG/cg1893p3_folder_1\cg1893p3_page_262.png,normal,1780,1092,2037,1094,2036,1169,1779,1167
128,../Crop_Reports/Bengal Crop Reports PNG/cg1893p3_folder_1\cg1893p3_page_262.png,average,2048,1110,2309,1112,2308,1172,2047,1170
129,../Crop_Reports/Bengal Crop Reports PNG/cg1893p3_folder_1\cg1893p3_page_262.png,of,2326,1101,2393,1102,2392,1174,2325,1173
130,../Crop_Reports/Bengal Crop Reports PNG/cg1893p3_folder_1\cg1893p3_page_262.png,the,2420,1100,2527,1101,2526,1158,2419,1157
131,../Crop_Reports/Bengal Crop Reports PNG/cg1893p3_folder_1\cg1893p3_page_262.png,area,2556,1121,2701,1122,2701,1162,2556,1161
132,../Crop_Reports/Bengal Crop Reports PNG/cg1893p3_folder_1\cg1893p3_page_262.png,in,2730,1105,2797,1106,2796,1161,2729,1160
133,../Crop_Reports/Bengal Crop Reports PNG/cg1893p3_folder_1\cg1893p3_page_262.png,ordinary,2826,1102,3125,1105,3124,1180,2825,1177
134,../Crop_Reports/Bengal Crop Reports PNG/cg1893p3_folder_1\cg1893p3_page_262.png,years.the,306,1152,741,1155,740,1230,305,1227
135,../Crop_Reports/Bengal Crop Reports PNG/cg1893p3_folder_1\cg1893p3_page_262.png,effect,768,1159,959,1160,959,1218,768,1217
136,../Crop_Reports/Bengal Crop Reports PNG/cg1893p3_folder_1\cg1893p3_page_262.png,of,990,1159,1057,1159,1057,1218,990,1218
137,../Crop_Reports/Bengal Crop Reports PNG/cg1893p3_folder_1\cg1893p3_page_262.png,the,1086,1159,1195,1160,1195,1220,1086,1219
138,../Crop_Reports/Bengal Crop Reports PNG/cg1893p3_folder_1\cg1893p3_page_262.png,opening,1252,1158,1515,1160,1514,1236,1251,1234
139,../Crop_Reports/Bengal Crop Reports PNG/cg1893p3_folder_1\cg1893p3_page_262.png,of,1544,1161,1615,1162,1614,1237,1543,1236
140,../Crop_Reports/Bengal Crop Reports PNG/cg1893p3_folder_1\cg1893p3_page_262.png,the,1654,1161,1765,1162,1764,1238,1653,1237
141,../Crop_Reports/Bengal Crop Reports PNG/cg1893p3_folder_1\cg1893p3_page_262.png,east,1806,1164,1961,1165,1960,1239,1805,1238
142,../Crop_Reports/Bengal Crop Reports PNG/cg1893p3_folder_1\cg1893p3_page_262.png,coast,1990,1166,2173,1167,2173,1224,1990,1223
143,../Crop_Reports/Bengal Crop Reports PNG/cg1893p3_folder_1\cg1893p3_page_262.png,kailway,2204,1165,2483,1167,2482,1243,2203,1241
144,../Crop_Reports/Bengal Crop Reports PNG/cg1893p3_folder_1\cg1893p3_page_262.png,and,2512,1177,2637,1178,2637,1234,2512,1233
145,../Crop_Reports/Bengal Crop Reports PNG/cg1893p3_folder_1\cg1893p3_page_262.png,the,2666,1179,2773,1180,2773,1237,2666,1236
146,../Crop_Reports/Bengal Crop Reports PNG/cg1893p3_folder_1\cg1893p3_page_262.png,extension,2804,1169,3125,1171,3124,1247,2803,1245
147,../Crop_Reports/Bengal Crop Reports PNG/cg1893p3_folder_1\cg1893p3_page_262.png,of,296,1224,423,1225,422,1304,295,1303
148,../Crop_Reports/Bengal Crop Reports PNG/cg1893p3_folder_1\cg1893p3_page_262.png,the,424,1233,533,1234,533,1293,424,1292
149,../Crop_Reports/Bengal Crop Reports PNG/cg1893p3_folder_1\cg1893p3_page_262.png,bengal-nagpur,564,1230,1095,1234,1094,1310,563,1306
150,../Crop_Reports/Bengal Crop Reports PNG/cg1893p3_folder_1\cg1893p3_page_262.png,line,1122,1236,1251,1237,1251,1293,1122,1292
151,../Crop_Reports/Bengal Crop Reports PNG/cg1893p3_folder_1\cg1893p3_page_262.png,will,1266,1231,1423,1232,1422,1311,1265,1310
152,../Crop_Reports/Bengal Crop Reports PNG/cg1893p3_folder_1\cg1893p3_page_262.png,be,1460,1233,1539,1234,1539,1293,1460,1292
153,../Crop_Reports/Bengal Crop Reports PNG/cg1893p3_folder_1\cg1893p3_page_262.png,watched,1574,1234,1873,1236,1872,1315,1573,1313
154,../Crop_Reports/Bengal Crop Reports PNG/cg1893p3_folder_1\cg1893p3_page_262.png,with,1922,1238,2075,1239,2074,1317,1921,1316
155,../Crop_Reports/Bengal Crop Reports PNG/cg1893p3_folder_1\cg1893p3_page_262.png,interest,2126,1244,2393,1246,2392,1320,2125,1318
156,../Crop_Reports/Bengal Crop Reports PNG/cg1893p3_folder_1\cg1893p3_page_262.png,and,2438,1240,2569,1241,2568,1315,2437,1314
157,../Crop_Reports/Bengal Crop Reports PNG/cg1893p3_folder_1\cg1893p3_page_262.png,will,2620,1252,2747,1253,2747,1310,2620,1309
158,../Crop_Reports/Bengal Crop Reports PNG/cg1893p3_folder_1\cg1893p3_page_262.png,no,2798,1243,2909,1244,2908,1311,2797,1310
159,../Crop_Reports/Bengal Crop Reports PNG/cg1893p3_folder_1\cg1893p3_page_262.png,doubt,2930,1254,3125,1256,3125,1314,2930,1312
160,../Crop_Reports/Bengal Crop Reports PNG/cg1893p3_folder_1\cg1893p3_page_262.png,bring,312,1312,497,1313,497,1373,312,1372
161,../Crop_Reports/Bengal Crop Reports PNG/cg1893p3_folder_1\cg1893p3_page_262.png,about,570,1301,765,1302,765,1372,570,1371
162,../Crop_Reports/Bengal Crop Reports PNG/cg1893p3_folder_1\cg1893p3_page_262.png,a,824,1328,861,1328,861,1363,824,1363
163,../Crop_Reports/Bengal Crop Reports PNG/cg1893p3_folder_1\cg1893p3_page_262.png,further,916,1304,1163,1306,1163,1368,916,1366
164,../Crop_Reports/Bengal Crop Reports PNG/cg1893p3_folder_1\cg1893p3_page_262.png,rise,1216,1312,1339,1313,1339,1369,1216,1368
165,../Crop_Reports/Bengal Crop Reports PNG/cg1893p3_folder_1\cg1893p3_page_262.png,of,1370,1312,1439,1312,1439,1365,1370,1365
166,../Crop_Reports/Bengal Crop Reports PNG/cg1893p3_folder_1\cg1893p3_page_262.png,price.,1492,1310,1681,1311,1681,1381,1492,1380
167,../Crop_Reports/Bengal Crop Reports PNG/cg1893p3_folder_1\cg1893p3_page_262.png,it,1785,1310,1865,1311,1864,1383,1785,1382
168,../Crop_Reports/Bengal Crop Reports PNG/cg1893p3_folder_1\cg1893p3_page_262.png,will,1886,1311,2015,1312,2015,1369,1886,1368
169,../Crop_Reports/Bengal Crop Reports PNG/cg1893p3_folder_1\cg1893p3_page_262.png,be,2062,1316,2139,1317,2139,1373,2062,1372
170,../Crop_Reports/Bengal Crop Reports PNG/cg1893p3_folder_1\cg1893p3_page_262.png,observed,2180,1313,2473,1315,2473,1380,2180,1378
171,../Crop_Reports/Bengal Crop Reports PNG/cg1893p3_folder_1\cg1893p3_page_262.png,that,2526,1325,2663,1326,2663,1382,2526,1381
172,../Crop_Reports/Bengal Crop Reports PNG/cg1893p3_folder_1\cg1893p3_page_262.png,the,2722,1329,2829,1330,2829,1385,2722,1384
173,../Crop_Reports/Bengal Crop Reports PNG/cg1893p3_folder_1\cg1893p3_page_262.png,rate,2878,1336,3009,1337,3009,1386,2878,1385
174,../Crop_Reports/Bengal Crop Reports PNG/cg1893p3_folder_1\cg1893p3_page_262.png,of,3058,1329,3125,1329,3125,1386,3058,1386
175,../Crop_Reports/Bengal Crop Reports PNG/cg1893p3_folder_1\cg1893p3_page_262.png,increase,311,1379,585,1381,585,1442,311,1440
176,../Crop_Reports/Bengal Crop Reports PNG/cg1893p3_folder_1\cg1893p3_page_262.png,in,616,1387,685,1387,685,1441,616,1441
177,../Crop_Reports/Bengal Crop Reports PNG/cg1893p3_folder_1\cg1893p3_page_262.png,the,712,1382,823,1383,823,1441,712,1440
178,../Crop_Reports/Bengal Crop Reports PNG/cg1893p3_folder_1\cg1893p3_page_262.png,case,871,1400,1010,1401,1010,1441,871,1440
179,../Crop_Reports/Bengal Crop Reports PNG/cg1893p3_folder_1\cg1893p3_page_262.png,of,1038,1384,1107,1384,1107,1439,1038,1439
180,../Crop_Reports/Bengal Crop Reports PNG/cg1893p3_folder_1\cg1893p3_page_262.png,prices,1157,1385,1356,1386,1356,1454,1157,1453
181,../Crop_Reports/Bengal Crop Reports PNG/cg1893p3_folder_1\cg1893p3_page_262.png,falls,1406,1386,1551,1387,1551,1443,1406,1442
182,../Crop_Reports/Bengal Crop Reports PNG/cg1893p3_folder_1\cg1893p3_page_262.png,far,1600,1388,1700,1389,1700,1443,1600,1442
183,../Crop_Reports/Bengal Crop Reports PNG/cg1893p3_folder_1\cg1893p3_page_262.png,short,1751,1389,1921,1390,1921,1443,1751,1442
184,../Crop_Reports/Bengal Crop Reports PNG/cg1893p3_folder_1\cg1893p3_page_262.png,of,1952,1391,2019,1391,2019,1444,1952,1444
185,../Crop_Reports/Bengal Crop Reports PNG/cg1893p3_folder_1\cg1893p3_page_262.png,that,2067,1391,2201,1392,2201,1448,2067,1447
186,../Crop_Reports/Bengal Crop Reports PNG/cg1893p3_folder_1\cg1893p3_page_262.png,obtaining,2250,1395,2571,1397,2571,1463,2250,1461
187,../Crop_Reports/Bengal Crop Reports PNG/cg1893p3_folder_1\cg1893p3_page_262.png,in,2619,1401,2685,1401,2685,1455,2619,1455
188,../Crop_Reports/Bengal Crop Reports PNG/cg1893p3_folder_1\cg1893p3_page_262.png,the,2735,1402,2841,1403,2841,1459,2735,1458
189,../Crop_Reports/Bengal Crop Reports PNG/cg1893p3_folder_1\cg1893p3_page_262.png,case,2892,1421,3026,1422,3026,1461,2892,1460
190,../Crop_Reports/Bengal Crop Reports PNG/cg1893p3_folder_1\cg1893p3_page_262.png,of,3057,1406,3126,1406,3126,1459,3057,1459
191,../Crop_Reports/Bengal Crop Reports PNG/cg1893p3_folder_1\cg1893p3_page_262.png,holdings.,311,1456,627,1459,626,1524,310,1521
192,../Crop_Reports/Bengal Crop Reports PNG/cg1893p3_folder_1\cg1893p3_page_262.png,the,715,1456,858,1457,857,1515,714,1514
193,../Crop_Reports/Bengal Crop Reports PNG/cg1893p3_folder_1\cg1893p3_page_262.png,former,905,1457,1139,1459,1138,1515,904,1513
194,../Crop_Reports/Bengal Crop Reports PNG/cg1893p3_folder_1\cg1893p3_page_262.png,has,1157,1458,1277,1459,1276,1517,1156,1516
195,../Crop_Reports/Bengal Crop Reports PNG/cg1893p3_folder_1\cg1893p3_page_262.png,risen,1305,1461,1472,1463,1471,1518,1304,1516
196,../Crop_Reports/Bengal Crop Reports PNG/cg1893p3_folder_1\cg1893p3_page_262.png,by,1497,1462,1589,1463,1588,1534,1496,1533
197,../Crop_Reports/Bengal Crop Reports PNG/cg1893p3_folder_1\cg1893p3_page_262.png,100,1623,1463,1741,1464,1740,1518,1622,1517
198,../Crop_Reports/Bengal Crop Reports PNG/cg1893p3_folder_1\cg1893p3_page_262.png,per,1769,1476,1881,1477,1880,1537,1768,1536
199,../Crop_Reports/Bengal Crop Reports PNG/cg1893p3_folder_1\cg1893p3_page_262.png,cent.,1910,1467,2071,1469,2070,1522,1909,1520
200,../Crop_Reports/Bengal Crop Reports PNG/cg1893p3_folder_1\cg1893p3_page_262.png,in,2102,1468,2169,1469,2168,1521,2101,1520
201,../Crop_Reports/Bengal Crop Reports PNG/cg1893p3_folder_1\cg1893p3_page_262.png,50,2200,1470,2276,1471,2275,1526,2199,1525
202,../Crop_Reports/Bengal Crop Reports PNG/cg1893p3_folder_1\cg1893p3_page_262.png,years;,2305,1489,2515,1491,2514,1543,2304,1541
203,../Crop_Reports/Bengal Crop Reports PNG/cg1893p3_folder_1\cg1893p3_page_262.png,the,2547,1474,2652,1475,2651,1530,2546,1529
204,../Crop_Reports/Bengal Crop Reports PNG/cg1893p3_folder_1\cg1893p3_page_262.png,latter,2681,1475,2861,1477,2860,1533,2680,1531
205,../Crop_Reports/Bengal Crop Reports PNG/cg1893p3_folder_1\cg1893p3_page_262.png,by,2893,1480,2976,1481,2975,1548,2892,1547
206,../Crop_Reports/Bengal Crop Reports PNG/cg1893p3_folder_1\cg1893p3_page_262.png,800,3006,1479,3125,1480,3124,1536,3005,1535
207,../Crop_Reports/Bengal Crop Reports PNG/cg1893p3_folder_1\cg1893p3_page_262.png,per,316,1553,425,1552,425,1602,316,1603
208,../Crop_Reports/Bengal Crop Reports PNG/cg1893p3_folder_1\cg1893p3_page_262.png,cent.,456,1533,615,1532,615,1591,456,1592
209,../Crop_Reports/Bengal Crop Reports PNG/cg1893p3_folder_1\cg1893p3_page_262.png,in,650,1533,717,1533,717,1588,650,1588
210,../Crop_Reports/Bengal Crop Reports PNG/cg1893p3_folder_1\cg1893p3_page_262.png,less,746,1530,865,1529,865,1589,746,1590
211,../Crop_Reports/Bengal Crop Reports PNG/cg1893p3_folder_1\cg1893p3_page_262.png,than,894,1533,1047,1532,1047,1590,894,1591
212,../Crop_Reports/Bengal Crop Reports PNG/cg1893p3_folder_1\cg1893p3_page_262.png,half,1076,1536,1211,1535,1211,1591,1076,1592
213,../Crop_Reports/Bengal Crop Reports PNG/cg1893p3_folder_1\cg1893p3_page_262.png,that,1240,1535,1379,1534,1379,1592,1240,1593
214,../Crop_Reports/Bengal Crop Reports PNG/cg1893p3_folder_1\cg1893p3_page_262.png,time.,1404,1526,1577,1525,1577,1594,1404,1595
215,../Crop_Reports/Bengal Crop Reports PNG/cg1893p3_folder_1\cg1893p3_page_262.png,10.,481,1611,581,1612,581,1666,481,1665
216,../Crop_Reports/Bengal Crop Reports PNG/cg1893p3_folder_1\cg1893p3_page_262.png,the,671,1606,810,1607,810,1665,671,1664
217,../Crop_Reports/Bengal Crop Reports PNG/cg1893p3_folder_1\cg1893p3_page_262.png,subjoined,834,1606,1165,1608,1164,1681,833,1679
218,../Crop_Reports/Bengal Crop Reports PNG/cg1893p3_folder_1\cg1893p3_page_262.png,statement,1186,1615,1542,1618,1542,1684,1186,1681
219,../Crop_Reports/Bengal Crop Reports PNG/cg1893p3_folder_1\cg1893p3_page_262.png,also,1563,1608,1692,1609,1692,1667,1563,1666
220,../Crop_Reports/Bengal Crop Reports PNG/cg1893p3_folder_1\cg1893p3_page_262.png,taken,1713,1610,1905,1611,1904,1686,1712,1685
221,../Crop_Reports/Bengal Crop Reports PNG/cg1893p3_folder_1\cg1893p3_page_262.png,from,1928,1611,2091,1612,2090,1688,1927,1687
222,../Crop_Reports/Bengal Crop Reports PNG/cg1893p3_folder_1\cg1893p3_page_262.png,the,2113,1613,2216,1614,2216,1672,2113,1671
223,../Crop_Reports/Bengal Crop Reports PNG/cg1893p3_folder_1\cg1893p3_page_262.png,settlement,2236,1615,2601,1618,2601,1676,2236,1673
224,../Crop_Reports/Bengal Crop Reports PNG/cg1893p3_folder_1\cg1893p3_page_262.png,officers,2618,1623,2886,1625,2886,1681,2618,1679
225,../Crop_Reports/Bengal Crop Reports PNG/cg1893p3_folder_1\cg1893p3_page_262.png,report,2904,1633,3125,1635,3125,1696,2904,1694
226,../Crop_Reports/Bengal Crop Reports PNG/cg1893p3_folder_1\cg1893p3_page_262.png,gives,1312,1686,1489,1687,1488,1755,1311,1754
227,../Crop_Reports/Bengal Crop Reports PNG/cg1893p3_folder_1\cg1893p3_page_262.png,details,1528,1681,1765,1683,1764,1743,1527,1741
228,../Crop_Reports/Bengal Crop Reports PNG/cg1893p3_folder_1\cg1893p3_page_262.png,of,1822,1685,1891,1686,1891,1744,1822,1743
229,../Crop_Reports/Bengal Crop Reports PNG/cg1893p3_folder_1\cg1893p3_page_262.png,the,1940,1685,2049,1686,2049,1744,1940,1743
230,../Crop_Reports/Bengal Crop Reports PNG/cg1893p3_folder_1\cg1893p3_page_262.png,various,2094,1688,2343,1690,2343,1748,2094,1746
231,../Crop_Reports/Bengal Crop Reports PNG/cg1893p3_folder_1\cg1893p3_page_262.png,crops,2372,1711,2547,1712,2547,1763,2372,1762
232,../Crop_Reports/Bengal Crop Reports PNG/cg1893p3_folder_1\cg1893p3_page_262.png,and,2592,1694,2715,1695,2715,1751,2592,1750
233,../Crop_Reports/Bengal Crop Reports PNG/cg1893p3_folder_1\cg1893p3_page_262.png,the,2758,1696,2865,1697,2865,1754,2758,1753
234,../Crop_Reports/Bengal Crop Reports PNG/cg1893p3_folder_1\cg1893p3_page_262.png,extent,2914,1693,3125,1695,3124,1755,2913,1753
235,../Crop_Reports/Bengal Crop Reports PNG/cg1893p3_folder_1\cg1893p3_page_262.png,to,1313,1757,1381,1758,1380,1817,1312,1816
236,../Crop_Reports/Bengal Crop Reports PNG/cg1893p3_folder_1\cg1893p3_page_262.png,which,1441,1758,1647,1761,1646,1819,1440,1816
237,../Crop_Reports/Bengal Crop Reports PNG/cg1893p3_folder_1\cg1893p3_page_262.png,each,1697,1761,1851,1763,1850,1819,1696,1817
238,../Crop_Reports/Bengal Crop Reports PNG/cg1893p3_folder_1\cg1893p3_page_262.png,crop,1923,1778,2071,1780,2070,1835,1922,1833
239,../Crop_Reports/Bengal Crop Reports PNG/cg1893p3_folder_1\cg1893p3_page_262.png,is,2116,1767,2167,1768,2166,1819,2115,1818
240,../Crop_Reports/Bengal Crop Reports PNG/cg1893p3_folder_1\cg1893p3_page_262.png,grown,2238,1784,2455,1787,2454,1840,2237,1837
241,../Crop_Reports/Bengal Crop Reports PNG/cg1893p3_folder_1\cg1893p3_page_262.png,in,2491,1772,2556,1773,2555,1824,2490,1823
242,../Crop_Reports/Bengal Crop Reports PNG/cg1893p3_folder_1\cg1893p3_page_262.png,the,2599,1773,2705,1774,2704,1826,2598,1825
243,../Crop_Reports/Bengal Crop Reports PNG/cg1893p3_folder_1\cg1893p3_page_262.png,estate;,2750,1775,2977,1778,2976,1843,2749,1840
244,../Crop_Reports/Bengal Crop Reports PNG/cg1893p3_folder_1\cg1893p3_page_262.png,but,3020,1778,3132,1779,3131,1829,3019,1828
245,../Crop_Reports/Bengal Crop Reports PNG/cg1893p3_folder_1\cg1893p3_page_262.png,cropa.,711,1735,873,1739,872,1792,710,1788
246,../Crop_Reports/Bengal Crop Reports PNG/cg1893p3_folder_1\cg1893p3_page_262.png,there,316,1834,493,1834,493,1895,316,1895
247,../Crop_Reports/Bengal Crop Reports PNG/cg1893p3_folder_1\cg1893p3_page_262.png,are,536,1854,639,1854,639,1893,536,1893
248,../Crop_Reports/Bengal Crop Reports PNG/cg1893p3_folder_1\cg1893p3_page_262.png,no,670,1854,753,1854,753,1891,670,1891
249,../Crop_Reports/Bengal Crop Reports PNG/cg1893p3_folder_1\cg1893p3_page_262.png,data,784,1834,933,1834,933,1893,784,1893
250,../Crop_Reports/Bengal Crop Reports PNG/cg1893p3_folder_1\cg1893p3_page_262.png,to,962,1842,1027,1842,1027,1893,962,1893
251,../Crop_Reports/Bengal Crop Reports PNG/cg1893p3_folder_1\cg1893p3_page_262.png,show,1058,1836,1229,1836,1229,1893,1058,1893
252,../Crop_Reports/Bengal Crop Reports PNG/cg1893p3_folder_1\cg1893p3_page_262.png,the,1272,1836,1377,1836,1377,1893,1272,1893
253,../Crop_Reports/Bengal Crop Reports PNG/cg1893p3_folder_1\cg1893p3_page_262.png,net,1410,1842,1519,1842,1519,1893,1410,1893
254,../Crop_Reports/Bengal Crop Reports PNG/cg1893p3_folder_1\cg1893p3_page_262.png,gain,1548,1838,1699,1838,1699,1905,1548,1905
255,../Crop_Reports/Bengal Crop Reports PNG/cg1893p3_folder_1\cg1893p3_page_262.png,to,1742,1844,1811,1844,1811,1897,1742,1897
256,../Crop_Reports/Bengal Crop Reports PNG/cg1893p3_folder_1\cg1893p3_page_262.png,cultivators:,1838,1830,2231,1830,2231,1897,1838,1897
257,../Crop_Reports/Bengal Crop Reports PNG/cg1893p3_folder_1\cg1893p3_page_262.png,food,754,1942,906,1953,902,2008,750,1998
258,../Crop_Reports/Bengal Crop Reports PNG/cg1893p3_folder_1\cg1893p3_page_262.png,crops-,931,1957,1149,1972,1146,2023,927,2008
259,../Crop_Reports/Bengal Crop Reports PNG/cg1893p3_folder_1\cg1893p3_page_262.png,area.,2338,1958,2495,1957,2495,2006,2338,2007
260,../Crop_Reports/Bengal Crop Reports PNG/cg1893p3_folder_1\cg1893p3_page_262.png,acres.,2352,2044,2535,2046,2534,2096,2351,2094
261,../Crop_Reports/Bengal Crop Reports PNG/cg1893p3_folder_1\cg1893p3_page_262.png,biali,899,2118,1042,2118,1042,2170,899,2170
262,../Crop_Reports/Bengal Crop Reports PNG/cg1893p3_folder_1\cg1893p3_page_262.png,sarad,900,2184,1067,2187,1066,2237,899,2234
263,../Crop_Reports/Bengal Crop Reports PNG/cg1893p3_folder_1\cg1893p3_page_262.png,dalua,900,2248,1075,2251,1074,2303,899,2300
264,../Crop_Reports/Bengal Crop Reports PNG/cg1893p3_folder_1\cg1893p3_page_262.png,brinjals,900,2316,1139,2316,1139,2383,900,2383
265,../Crop_Reports/Bengal Crop Reports PNG/cg1893p3_folder_1\cg1893p3_page_262.png,(solanum,1174,2318,1419,2318,1419,2363,1174,2363
266,../Crop_Reports/Bengal Crop Reports PNG/cg1893p3_folder_1\cg1893p3_page_262.png,melongena),1444,2318,1751,2318,1751,2381,1444,2381
267,../Crop_Reports/Bengal Crop Reports PNG/cg1893p3_folder_1\cg1893p3_page_262.png,saru,900,2370,1051,2372,1050,2432,899,2430
268,../Crop_Reports/Bengal Crop Reports PNG/cg1893p3_folder_1\cg1893p3_page_262.png,(colocasia,1064,2380,1315,2384,1314,2446,1063,2442
269,../Crop_Reports/Bengal Crop Reports PNG/cg1893p3_folder_1\cg1893p3_page_262.png,antiquorum),1340,2378,1679,2383,1678,2447,1339,2442
270,../Crop_Reports/Bengal Crop Reports PNG/cg1893p3_folder_1\cg1893p3_page_262.png,sweet,927,2435,1079,2441,1076,2511,924,2505
271,../Crop_Reports/Bengal Crop Reports PNG/cg1893p3_folder_1\cg1893p3_page_262.png,potato,1100,2443,1281,2450,1278,2518,1097,2511
272,../Crop_Reports/Bengal Crop Reports PNG/cg1893p3_folder_1\cg1893p3_page_262.png,pumpkin,902,2502,1175,2502,1175,2579,902,2579
273,../Crop_Reports/Bengal Crop Reports PNG/cg1893p3_folder_1\cg1893p3_page_262.png,cumber,902,2568,1199,2568,1199,2623,902,2623
274,../Crop_Reports/Bengal Crop Reports PNG/cg1893p3_folder_1\cg1893p3_page_262.png,mung,906,2638,1089,2639,1088,2706,906,2705
275,../Crop_Reports/Bengal Crop Reports PNG/cg1893p3_folder_1\cg1893p3_page_262.png,(phascolus,1116,2639,1401,2641,1400,2709,1115,2707
276,../Crop_Reports/Bengal Crop Reports PNG/cg1893p3_folder_1\cg1893p3_page_262.png,mungo),1426,2638,1629,2640,1628,2711,1425,2709
277,../Crop_Reports/Bengal Crop Reports PNG/cg1893p3_folder_1\cg1893p3_page_262.png,biri,906,2700,1023,2702,1022,2755,905,2753
278,../Crop_Reports/Bengal Crop Reports PNG/cg1893p3_folder_1\cg1893p3_page_262.png,(phaseolu8,1052,2696,1345,2700,1344,2769,1051,2765
279,../Crop_Reports/Bengal Crop Reports PNG/cg1893p3_folder_1\cg1893p3_page_262.png,radiatus),1370,2704,1619,2707,1618,2775,1369,2772
280,../Crop_Reports/Bengal Crop Reports PNG/cg1893p3_folder_1\cg1893p3_page_262.png,arhar,906,2760,1101,2763,1100,2820,905,2817
281,../Crop_Reports/Bengal Crop Reports PNG/cg1893p3_folder_1\cg1893p3_page_262.png,(cajanus,1116,2771,1343,2774,1342,2833,1115,2830
282,../Crop_Reports/Bengal Crop Reports PNG/cg1893p3_folder_1\cg1893p3_page_262.png,indicus),1368,2770,1579,2773,1578,2839,1367,2836
283,../Crop_Reports/Bengal Crop Reports PNG/cg1893p3_folder_1\cg1893p3_page_262.png,kurthi,945,2822,1121,2824,1120,2896,944,2894
284,../Crop_Reports/Bengal Crop Reports PNG/cg1893p3_folder_1\cg1893p3_page_262.png,(dolichos,1150,2825,1381,2828,1380,2898,1149,2895
285,../Crop_Reports/Bengal Crop Reports PNG/cg1893p3_folder_1\cg1893p3_page_262.png,biflorus),1410,2829,1633,2832,1632,2897,1409,2894
286,../Crop_Reports/Bengal Crop Reports PNG/cg1893p3_folder_1\cg1893p3_page_262.png,mandia,910,2896,1133,2899,1132,2949,909,2946
287,../Crop_Reports/Bengal Crop Reports PNG/cg1893p3_folder_1\cg1893p3_page_262.png,(eleusine,1160,2891,1399,2894,1398,2962,1159,2959
288,../Crop_Reports/Bengal Crop Reports PNG/cg1893p3_folder_1\cg1893p3_page_262.png,coracana),1422,2894,1685,2897,1684,2965,1421,2962
289,../Crop_Reports/Bengal Crop Reports PNG/cg1893p3_folder_1\cg1893p3_page_262.png,china,912,2960,1087,2962,1087,3012,912,3010
290,../Crop_Reports/Bengal Crop Reports PNG/cg1893p3_folder_1\cg1893p3_page_262.png,(panicum,1118,2953,1371,2955,1370,3023,1117,3021
291,../Crop_Reports/Bengal Crop Reports PNG/cg1893p3_folder_1\cg1893p3_page_262.png,miliaceum),1398,2956,1699,2959,1698,3023,1397,3020
292,../Crop_Reports/Bengal Crop Reports PNG/cg1893p3_folder_1\cg1893p3_page_262.png,kodua,910,3024,1107,3026,1107,3075,910,3073
293,../Crop_Reports/Bengal Crop Reports PNG/cg1893p3_folder_1\cg1893p3_page_262.png,(paspalum,1126,3018,1427,3021,1426,3089,1125,3086
294,../Crop_Reports/Bengal Crop Reports PNG/cg1893p3_folder_1\cg1893p3_page_262.png,scrobiculatum),1446,3025,1845,3029,1844,3087,1445,3083
295,../Crop_Reports/Bengal Crop Reports PNG/cg1893p3_folder_1\cg1893p3_page_262.png,vegetables,910,3080,1233,3084,1232,3156,909,3152
296,../Crop_Reports/Bengal Crop Reports PNG/cg1893p3_folder_1\cg1893p3_page_262.png,2228.03,2330,2128,2585,2124,2586,2185,2331,2189
297,../Crop_Reports/Bengal Crop Reports PNG/cg1893p3_folder_1\cg1893p3_page_262.png,27259:90,2296,2186,2581,2186,2581,2257,2296,2257
298,../Crop_Reports/Bengal Crop Reports PNG/cg1893p3_folder_1\cg1893p3_page_262.png,2753-68,2324,2251,2577,2247,2578,2311,2325,2315
299,../Crop_Reports/Bengal Crop Reports PNG/cg1893p3_folder_1\cg1893p3_page_262.png,157,2374,2322,2479,2320,2480,2367,2375,2369
300,../Crop_Reports/Bengal Crop Reports PNG/cg1893p3_folder_1\cg1893p3_page_262.png,98,2500,2320,2569,2319,2570,2368,2501,2369
301,../Crop_Reports/Bengal Crop Reports PNG/cg1893p3_folder_1\cg1893p3_page_262.png,42-22,2408,2385,2567,2382,2568,2432,2409,2435
302,../Crop_Reports/Bengal Crop Reports PNG/cg1893p3_folder_1\cg1893p3_page_262.png,2-73,2448,2447,2575,2449,2574,2497,2447,2495
303,../Crop_Reports/Bengal Crop Reports PNG/cg1893p3_folder_1\cg1893p3_page_262.png,21:17,2412,2512,2571,2512,2571,2561,2412,2561
304,../Crop_Reports/Bengal Crop Reports PNG/cg1893p3_folder_1\cg1893p3_page_262.png,114:97,2384,2578,2575,2578,2575,2625,2384,2625
305,../Crop_Reports/Bengal Crop Reports PNG/cg1893p3_folder_1\cg1893p3_page_262.png,2000-32,2326,2640,2579,2639,2579,2694,2326,2695
306,../Crop_Reports/Bengal Crop Reports PNG/cg1893p3_folder_1\cg1893p3_page_262.png,2663-03,2334,2703,2585,2696,2587,2760,2336,2767
307,../Crop_Reports/Bengal Crop Reports PNG/cg1893p3_folder_1\cg1893p3_page_262.png,1.30,2464,2768,2583,2769,2582,2816,2463,2815
308,../Crop_Reports/Bengal Crop Reports PNG/cg1893p3_folder_1\cg1893p3_page_262.png,{,1140,2168,1195,2169,1194,2264,1139,2263
309,../Crop_Reports/Bengal Crop Reports PNG/cg1893p3_folder_1\cg1893p3_page_262.png,paddy,1184,2185,1363,2188,1362,2255,1183,2252
310,../Crop_Reports/Bengal Crop Reports PNG/cg1893p3_folder_1\cg1893p3_page_262.png,...,1786,2226,1821,2226,1821,2238,1786,2238
311,../Crop_Reports/Bengal Crop Reports PNG/cg1893p3_folder_1\cg1893p3_page_262.png,,2127,2354,2137,2354,2137,2367,2127,2367
312,../Crop_Reports/Bengal Crop Reports PNG/cg1893p3_folder_1\cg1893p3_page_262.png,..,2139,2354,2156,2354,2156,2367,2139,2367
313,../Crop_Reports/Bengal Crop Reports PNG/cg1893p3_folder_1\cg1893p3_page_262.png,...,1796,2677,1828,2677,1828,2687,1796,2687
314,../Crop_Reports/Bengal Crop Reports PNG/cg1893p3_folder_1\cg1893p3_page_262.png,..,2129,2677,2163,2677,2163,2689,2129,2689
315,../Crop_Reports/Bengal Crop Reports PNG/cg1893p3_folder_1\cg1893p3_page_262.png,2691,2334,2834,2489,2830,2490,2891,2335,2895
316,../Crop_Reports/Bengal Crop Reports PNG/cg1893p3_folder_1\cg1893p3_page_262.png,55,2500,2837,2585,2835,2586,2881,2501,2883
317,../Crop_Reports/Bengal Crop Reports PNG/cg1893p3_folder_1\cg1893p3_page_262.png,120-29,2374,2890,2579,2894,2578,2949,2373,2945
318,../Crop_Reports/Bengal Crop Reports PNG/cg1893p3_folder_1\cg1893p3_page_262.png,3.49,2457,2960,2581,2963,2580,3007,2456,3004
319,../Crop_Reports/Bengal Crop Reports PNG/cg1893p3_folder_1\cg1893p3_page_262.png,160,2388,3017,2513,3016,2513,3078,2388,3079
320,../Crop_Reports/Bengal Crop Reports PNG/cg1893p3_folder_1\cg1893p3_page_262.png,86,2518,3017,2585,3017,2585,3078,2518,3078
321,../Crop_Reports/Bengal Crop Reports PNG/cg1893p3_folder_1\cg1893p3_page_262.png,223-36,2390,3090,2585,3091,2585,3138,2390,3137
322,../Crop_Reports/Bengal Crop Reports PNG/cg1893p3_folder_1\cg1893p3_page_262.png,...,2147,2998,2179,2998,2179,3008,2147,3008
323,../Crop_Reports/Bengal Crop Reports PNG/cg1893p3_folder_1\cg1893p3_page_262.png,...,2146,3064,2181,3064,2181,3073,2146,3073
324,../Crop_Reports/Bengal Crop Reports PNG/cg1893p3_folder_1\cg1893p3_page_262.png,40450,2650,3157,2841,3155,2842,3213,2651,3215
325,../Crop_Reports/Bengal Crop Reports PNG/cg1893p3_folder_1\cg1893p3_page_262.png,88,2864,3159,2931,3158,2932,3203,2865,3204
326,../Crop_Reports/Bengal Crop Reports PNG/cg1893p3_folder_1\cg1893p3_page_262.png,non-tood,767,3224,1045,3235,1042,3299,764,3288
327,../Crop_Reports/Bengal Crop Reports PNG/cg1893p3_folder_1\cg1893p3_page_262.png,cro,1069,3246,1290,3255,1288,3307,1067,3298
328,../Crop_Reports/Bengal Crop Reports PNG/cg1893p3_folder_1\cg1893p3_page_262.png,sugarcane,904,3336,1215,3336,1215,3407,904,3407
329,../Crop_Reports/Bengal Crop Reports PNG/cg1893p3_folder_1\cg1893p3_page_262.png,obaoco,911,3395,1148,3393,1149,3452,912,3454
330,../Crop_Reports/Bengal Crop Reports PNG/cg1893p3_folder_1\cg1893p3_page_262.png,cotton,911,3465,1110,3467,1109,3519,910,3517
331,../Crop_Reports/Bengal Crop Reports PNG/cg1893p3_folder_1\cg1893p3_page_262.png,castor,916,3530,1105,3528,1105,3579,916,3581
332,../Crop_Reports/Bengal Crop Reports PNG/cg1893p3_folder_1\cg1893p3_page_262.png,mustard,914,3594,1161,3595,1161,3647,914,3646
333,../Crop_Reports/Bengal Crop Reports PNG/cg1893p3_folder_1\cg1893p3_page_262.png,rasi,916,3658,1049,3659,1048,3726,915,3725
334,../Crop_Reports/Bengal Crop Reports PNG/cg1893p3_folder_1\cg1893p3_page_262.png,(desamum,1084,3659,1387,3661,1386,3729,1083,3727
335,../Crop_Reports/Bengal Crop Reports PNG/cg1893p3_folder_1\cg1893p3_page_262.png,orientale),1414,3657,1675,3659,1674,3731,1413,3729
336,../Crop_Reports/Bengal Crop Reports PNG/cg1893p3_folder_1\cg1893p3_page_262.png,dhania,910,3714,1135,3717,1134,3779,909,3776
337,../Crop_Reports/Bengal Crop Reports PNG/cg1893p3_folder_1\cg1893p3_page_262.png,(corindrum,1164,3727,1527,3732,1526,3792,1163,3787
338,../Crop_Reports/Bengal Crop Reports PNG/cg1893p3_folder_1\cg1893p3_page_262.png,sativum),1573,3722,1813,3725,1812,3795,1572,3792
339,../Crop_Reports/Bengal Crop Reports PNG/cg1893p3_folder_1\cg1893p3_page_262.png,cbilly,916,3790,1099,3790,1099,3855,916,3855
340,../Crop_Reports/Bengal Crop Reports PNG/cg1893p3_folder_1\cg1893p3_page_262.png,saffron,916,3842,1131,3843,1131,3905,916,3904
341,../Crop_Reports/Bengal Crop Reports PNG/cg1893p3_folder_1\cg1893p3_page_262.png,misoellaneous,916,3916,1325,3923,1324,3977,915,3970
342,../Crop_Reports/Bengal Crop Reports PNG/cg1893p3_folder_1\cg1893p3_page_262.png,non-food,1348,3917,1609,3922,1608,3974,1347,3969
343,../Crop_Reports/Bengal Crop Reports PNG/cg1893p3_folder_1\cg1893p3_page_262.png,,1644,3933,1791,3936,1790,3988,1643,3985
344,../Crop_Reports/Bengal Crop Reports PNG/cg1893p3_folder_1\cg1893p3_page_262.png,245-73,2382,3338,2577,3339,2577,3388,2382,3387
345,../Crop_Reports/Bengal Crop Reports PNG/cg1893p3_folder_1\cg1893p3_page_262.png,26,2424,3406,2495,3407,2495,3452,2424,3451
346,../Crop_Reports/Bengal Crop Reports PNG/cg1893p3_folder_1\cg1893p3_page_262.png,97,2514,3407,2583,3408,2583,3453,2514,3452
347,../Crop_Reports/Bengal Crop Reports PNG/cg1893p3_folder_1\cg1893p3_page_262.png,132.62,2394,3470,2585,3470,2585,3515,2394,3515
348,../Crop_Reports/Bengal Crop Reports PNG/cg1893p3_folder_1\cg1893p3_page_262.png,92-94,2426,3532,2585,3534,2585,3581,2426,3579
349,../Crop_Reports/Bengal Crop Reports PNG/cg1893p3_folder_1\cg1893p3_page_262.png,17.38,2430,3598,2587,3598,2587,3645,2430,3645
350,../Crop_Reports/Bengal Crop Reports PNG/cg1893p3_folder_1\cg1893p3_page_262.png,19.05,2430,3664,2585,3662,2586,3707,2431,3709
351,../Crop_Reports/Bengal Crop Reports PNG/cg1893p3_folder_1\cg1893p3_page_262.png,4.81,2466,3726,2583,3726,2583,3771,2466,3771
352,../Crop_Reports/Bengal Crop Reports PNG/cg1893p3_folder_1\cg1893p3_page_262.png,0.09,2460,3788,2581,3791,2580,3836,2459,3833
353,../Crop_Reports/Bengal Crop Reports PNG/cg1893p3_folder_1\cg1893p3_page_262.png,1:56,2468,3852,2583,3853,2583,3900,2468,3899
354,../Crop_Reports/Bengal Crop Reports PNG/cg1893p3_folder_1\cg1893p3_page_262.png,0:71,2464,3918,2579,3917,2579,3964,2464,3965
355,../Crop_Reports/Bengal Crop Reports PNG/cg1893p3_folder_1\cg1893p3_page_262.png,...,2144,3377,2177,3377,2177,3387,2144,3387
356,../Crop_Reports/Bengal Crop Reports PNG/cg1893p3_folder_1\cg1893p3_page_262.png,..,2155,3892,2191,3892,2191,3902,2155,3902
357,../Crop_Reports/Bengal Crop Reports PNG/cg1893p3_folder_1\cg1893p3_page_262.png,541-86,2744,3984,2939,3984,2939,4031,2744,4031
358,../Crop_Reports/Bengal Crop Reports PNG/cg1893p3_folder_1\cg1893p3_page_262.png,grand,1368,4114,1573,4114,1573,4165,1368,4165
359,../Crop_Reports/Bengal Crop Reports PNG/cg1893p3_folder_1\cg1893p3_page_262.png,total,1610,4112,1799,4112,1799,4165,1610,4165
360,../Crop_Reports/Bengal Crop Reports PNG/cg1893p3_folder_1\cg1893p3_page_262.png,40992-74,2654,4110,2935,4108,2935,4165,2654,4167
361,../Crop_Reports/Bengal Crop Reports PNG/cg1893p3_folder_1\cg1893p3_page_262.png,deduot,916,4245,1131,4244,1131,4294,916,4295
362,../Crop_Reports/Bengal Crop Reports PNG/cg1893p3_folder_1\cg1893p3_page_262.png,area,1156,4261,1277,4260,1277,4293,1156,4294
363,../Crop_Reports/Bengal Crop Reports PNG/cg1893p3_folder_1\cg1893p3_page_262.png,orpped,1304,4244,1527,4243,1527,4303,1304,4304
364,../Crop_Reports/Bengal Crop Reports PNG/cg1893p3_folder_1\cg1893p3_page_262.png,mo,1554,4257,1699,4256,1699,4294,1554,4295
365,../Crop_Reports/Bengal Crop Reports PNG/cg1893p3_folder_1\cg1893p3_page_262.png,than,1722,4242,1853,4241,1853,4291,1722,4292
366,../Crop_Reports/Bengal Crop Reports PNG/cg1893p3_folder_1\cg1893p3_page_262.png,onoe,1878,4253,2005,4252,2005,4288,1878,4289
367,../Crop_Reports/Bengal Crop Reports PNG/cg1893p3_folder_1\cg1893p3_page_262.png,3781,2680,4236,2831,4236,2831,4295,2680,4295
368,../Crop_Reports/Bengal Crop Reports PNG/cg1893p3_folder_1\cg1893p3_page_262.png,78,2844,4236,2931,4236,2931,4283,2844,4283
369,../Crop_Reports/Bengal Crop Reports PNG/cg1893p3_folder_1\cg1893p3_page_262.png,net,918,4374,1031,4375,1030,4428,917,4427
370,../Crop_Reports/Bengal Crop Reports PNG/cg1893p3_folder_1\cg1893p3_page_262.png,oropped,1052,4371,1283,4373,1282,4441,1051,4439
371,../Crop_Reports/Bengal Crop Reports PNG/cg1893p3_folder_1\cg1893p3_page_262.png,area,1318,4386,1439,4387,1439,4425,1318,4424
372,../Crop_Reports/Bengal Crop Reports PNG/cg1893p3_folder_1\cg1893p3_page_262.png,37210-96,2654,4362,2935,4364,2935,4424,2654,4422
373,../Crop_Reports/Bengal Crop Reports PNG/cg1893p3_folder_1\cg1893p3_page_262.png,the,706,4520,849,4519,849,4580,706,4581
374,../Crop_Reports/Bengal Crop Reports PNG/cg1893p3_folder_1\cg1893p3_page_262.png,sarbarahkars,878,4520,1315,4517,1315,4577,878,4580
375,../Crop_Reports/Bengal Crop Reports PNG/cg1893p3_folder_1\cg1893p3_page_262.png,of,1344,4520,1415,4520,1415,4575,1344,4575
376,../Crop_Reports/Bengal Crop Reports PNG/cg1893p3_folder_1\cg1893p3_page_262.png,banki,1442,4517,1647,4516,1647,4576,1442,4577
377,../Crop_Reports/Bengal Crop Reports PNG/cg1893p3_folder_1\cg1893p3_page_262.png,hold,1676,4516,1823,4515,1823,4573,1676,4574
378,../Crop_Reports/Bengal Crop Reports PNG/cg1893p3_folder_1\cg1893p3_page_262.png,the,1852,4515,1959,4514,1959,4571,1852,4572
379,../Crop_Reports/Bengal Crop Reports PNG/cg1893p3_folder_1\cg1893p3_page_262.png,same,1990,4532,2153,4531,2153,4568,1990,4569
380,../Crop_Reports/Bengal Crop Reports PNG/cg1893p3_folder_1\cg1893p3_page_262.png,position,2186,4511,2453,4509,2453,4580,2186,4582
381,../Crop_Reports/Bengal Crop Reports PNG/cg1893p3_folder_1\cg1893p3_page_262.png,as,2484,4529,2551,4529,2551,4566,2484,4566
382,../Crop_Reports/Bengal Crop Reports PNG/cg1893p3_folder_1\cg1893p3_page_262.png,those,2580,4509,2753,4508,2753,4565,2580,4566
383,../Crop_Reports/Bengal Crop Reports PNG/cg1893p3_folder_1\cg1893p3_page_262.png,of,2782,4509,2851,4509,2851,4563,2782,4563
384,../Crop_Reports/Bengal Crop Reports PNG/cg1893p3_folder_1\cg1893p3_page_262.png,khurda,2866,4509,3137,4507,3137,4576,2866,4578
385,../Crop_Reports/Bengal Crop Reports PNG/cg1893p3_folder_1\cg1893p3_page_262.png,i.e.,1354,4598,1469,4597,1470,4664,1355,4665
386,../Crop_Reports/Bengal Crop Reports PNG/cg1893p3_folder_1\cg1893p3_page_262.png,they,1526,4592,1683,4591,1684,4663,1527,4664
387,../Crop_Reports/Bengal Crop Reports PNG/cg1893p3_folder_1\cg1893p3_page_262.png,are,1738,4610,1843,4609,1843,4647,1738,4648
388,../Crop_Reports/Bengal Crop Reports PNG/cg1893p3_folder_1\cg1893p3_page_262.png,farmers,1900,4589,2159,4587,2159,4642,1900,4644
389,../Crop_Reports/Bengal Crop Reports PNG/cg1893p3_folder_1\cg1893p3_page_262.png,and,2188,4585,2311,4584,2311,4641,2189,4642
390,../Crop_Reports/Bengal Crop Reports PNG/cg1893p3_folder_1\cg1893p3_page_262.png,public,2342,4585,2551,4583,2552,4655,2343,4657
391,../Crop_Reports/Bengal Crop Reports PNG/cg1893p3_folder_1\cg1893p3_page_262.png,accountants,2580,4591,2991,4587,2992,4650,2581,4654
392,../Crop_Reports/Bengal Crop Reports PNG/cg1893p3_folder_1\cg1893p3_page_262.png,and,3022,4578,3139,4577,3140,4636,3023,4637
393,../Crop_Reports/Bengal Crop Reports PNG/cg1893p3_folder_1\cg1893p3_page_262.png,are,1350,4668,1457,4666,1458,4725,1351,4727
394,../Crop_Reports/Bengal Crop Reports PNG/cg1893p3_folder_1\cg1893p3_page_262.png,responsible,1484,4666,1887,4660,1888,4733,1485,4739
395,../Crop_Reports/Bengal Crop Reports PNG/cg1893p3_folder_1\cg1893p3_page_262.png,for,1898,4664,1997,4663,1998,4720,1899,4721
396,../Crop_Reports/Bengal Crop Reports PNG/cg1893p3_folder_1\cg1893p3_page_262.png,the,2026,4664,2131,4662,2132,4717,2027,4719
397,../Crop_Reports/Bengal Crop Reports PNG/cg1893p3_folder_1\cg1893p3_page_262.png,total,2154,4662,2303,4660,2304,4715,2155,4717
398,../Crop_Reports/Bengal Crop Reports PNG/cg1893p3_folder_1\cg1893p3_page_262.png,demand,2330,4654,2595,4650,2596,4713,2331,4717
399,../Crop_Reports/Bengal Crop Reports PNG/cg1893p3_folder_1\cg1893p3_page_262.png,due,2628,4656,2743,4654,2744,4710,2629,4712
400,../Crop_Reports/Bengal Crop Reports PNG/cg1893p3_folder_1\cg1893p3_page_262.png,to,2774,4663,2835,4662,2836,4709,2775,4710
401,../Crop_Reports/Bengal Crop Reports PNG/cg1893p3_folder_1\cg1893p3_page_262.png,govern-,2866,4646,3135,4642,3136,4708,2867,4712
402,../Crop_Reports/Bengal Crop Reports PNG/cg1893p3_folder_1\cg1893p3_page_262.png,ment,348,4760,544,4758,545,4821,349,4823
403,../Crop_Reports/Bengal Crop Reports PNG/cg1893p3_folder_1\cg1893p3_page_262.png,whether,608,4749,891,4746,892,4805,609,4808
404,../Crop_Reports/Bengal Crop Reports PNG/cg1893p3_folder_1\cg1893p3_page_262.png,they,944,4749,1103,4747,1104,4815,945,4817
405,../Crop_Reports/Bengal Crop Reports PNG/cg1893p3_folder_1\cg1893p3_page_262.png,collect,1148,4743,1367,4741,1368,4800,1149,4802
406,../Crop_Reports/Bengal Crop Reports PNG/cg1893p3_folder_1\cg1893p3_page_262.png,from,1420,4732,1607,4730,1608,4797,1421,4799
407,../Crop_Reports/Bengal Crop Reports PNG/cg1893p3_folder_1\cg1893p3_page_262.png,the,1644,4737,1751,4736,1752,4800,1645,4801
408,../Crop_Reports/Bengal Crop Reports PNG/cg1893p3_folder_1\cg1893p3_page_262.png,raiyats,1804,4739,2043,4736,2044,4804,1805,4807
409,../Crop_Reports/Bengal Crop Reports PNG/cg1893p3_folder_1\cg1893p3_page_262.png,or,2100,4752,2167,4751,2167,4791,2100,4792
410,../Crop_Reports/Bengal Crop Reports PNG/cg1893p3_folder_1\cg1893p3_page_262.png,not.,2216,4723,2439,4721,2440,4800,2217,4802
411,../Crop_Reports/Bengal Crop Reports PNG/cg1893p3_folder_1\cg1893p3_page_262.png,they,2436,4728,2615,4726,2616,4798,2437,4800
412,../Crop_Reports/Bengal Crop Reports PNG/cg1893p3_folder_1\cg1893p3_page_262.png,have,2656,4726,2815,4724,2816,4779,2657,4781
413,../Crop_Reports/Bengal Crop Reports PNG/cg1893p3_folder_1\cg1893p3_page_262.png,no,2840,4744,2919,4743,2919,4778,2840,4779
414,../Crop_Reports/Bengal Crop Reports PNG/cg1893p3_folder_1\cg1893p3_page_262.png,rights,2948,4723,3135,4721,3136,4792,2949,4794
415,../Crop_Reports/Bengal Crop Reports PNG/cg1893p3_folder_1\cg1893p3_page_262.png,beyond,346,4825,601,4822,602,4896,347,4899
416,../Crop_Reports/Bengal Crop Reports PNG/cg1893p3_folder_1\cg1893p3_page_262.png,those,660,4822,879,4819,880,4892,661,4895
417,../Crop_Reports/Bengal Crop Reports PNG/cg1893p3_folder_1\cg1893p3_page_262.png,conferred,894,4819,1221,4815,1222,4879,895,4883
418,../Crop_Reports/Bengal Crop Reports PNG/cg1893p3_folder_1\cg1893p3_page_262.png,on,1280,4837,1361,4836,1361,4873,1280,4874
419,../Crop_Reports/Bengal Crop Reports PNG/cg1893p3_folder_1\cg1893p3_page_262.png,themm,1414,4818,1583,4816,1584,4873,1415,4875
420,../Crop_Reports/Bengal Crop Reports PNG/cg1893p3_folder_1\cg1893p3_page_262.png,by,1640,4816,1727,4815,1728,4883,1641,4884
421,../Crop_Reports/Bengal Crop Reports PNG/cg1893p3_folder_1\cg1893p3_page_262.png,their,1784,4809,1945,4807,1946,4869,1785,4871
422,../Crop_Reports/Bengal Crop Reports PNG/cg1893p3_folder_1\cg1893p3_page_262.png,engagements,1986,4814,2443,4809,2444,4875,1987,4880
423,../Crop_Reports/Bengal Crop Reports PNG/cg1893p3_folder_1\cg1893p3_page_262.png,and,2502,4801,2621,4800,2622,4857,2503,4858
424,../Crop_Reports/Bengal Crop Reports PNG/cg1893p3_folder_1\cg1893p3_page_262.png,are,2680,4819,2781,4818,2781,4853,2680,4854
425,../Crop_Reports/Bengal Crop Reports PNG/cg1893p3_folder_1\cg1893p3_page_262.png,liable,2836,4797,3031,4795,3032,4854,2837,4856
426,../Crop_Reports/Bengal Crop Reports PNG/cg1893p3_folder_1\cg1893p3_page_262.png,to,3070,4804,3131,4803,3132,4850,3071,4851
427,../Crop_Reports/Bengal Crop Reports PNG/cg1893p3_folder_1\cg1893p3_page_262.png,in,2747,4860,2851,4861,2850,4940,2746,4939
428,../Crop_Reports/Bengal Crop Reports PNG/cg1893p3_folder_1\cg1893p3_page_262.png,making,2888,4866,3131,4869,3130,4948,2887,4945
429,../Crop_Reports/Bengal Crop Reports PNG/cg1893p3_folder_1\cg1893p3_page_262.png,appointments,346,4979,819,4970,820,5046,347,5055
430,../Crop_Reports/Bengal Crop Reports PNG/cg1893p3_folder_1\cg1893p3_page_262.png,to,874,4978,943,4977,944,5030,875,5031
431,../Crop_Reports/Bengal Crop Reports PNG/cg1893p3_folder_1\cg1893p3_page_262.png,the,988,4972,1097,4970,1098,5025,989,5027
432,../Crop_Reports/Bengal Crop Reports PNG/cg1893p3_folder_1\cg1893p3_page_262.png,post,1154,4973,1295,4970,1296,5037,1155,5040
433,../Crop_Reports/Bengal Crop Reports PNG/cg1893p3_folder_1\cg1893p3_page_262.png,of,1350,4965,1419,4964,1420,5019,1351,5020
434,../Crop_Reports/Bengal Crop Reports PNG/cg1893p3_folder_1\cg1893p3_page_262.png,sarbarahkar,1474,4963,1899,4955,1900,5027,1475,5035
435,../Crop_Reports/Bengal Crop Reports PNG/cg1893p3_folder_1\cg1893p3_page_262.png,a,1930,4977,1971,4976,1972,5013,1931,5014
436,../Crop_Reports/Bengal Crop Reports PNG/cg1893p3_folder_1\cg1893p3_page_262.png,relative,2010,4957,2267,4952,2268,5007,2011,5012
437,../Crop_Reports/Bengal Crop Reports PNG/cg1893p3_folder_1\cg1893p3_page_262.png,of,2300,4952,2367,4951,2368,5006,2301,5007
438,../Crop_Reports/Bengal Crop Reports PNG/cg1893p3_folder_1\cg1893p3_page_262.png,a,2424,4970,2457,4969,2458,5004,2425,5005
439,../Crop_Reports/Bengal Crop Reports PNG/cg1893p3_folder_1\cg1893p3_page_262.png,deceased,2488,4946,2777,4941,2778,4997,2489,5002
440,../Crop_Reports/Bengal Crop Reports PNG/cg1893p3_folder_1\cg1893p3_page_262.png,or,2810,4963,2877,4962,2878,4997,2811,4998
441,../Crop_Reports/Bengal Crop Reports PNG/cg1893p3_folder_1\cg1893p3_page_262.png,rotired,2904,4933,3129,4929,3130,4997,2905,5001
442,../Crop_Reports/Bengal Crop Reports PNG/cg1893p3_folder_1\cg1893p3_page_262.png,sarbarahkar,348,5043,779,5037,780,5117,349,5123
443,../Crop_Reports/Bengal Crop Reports PNG/cg1893p3_folder_1\cg1893p3_page_262.png,who,812,5045,951,5043,952,5102,813,5104
444,../Crop_Reports/Bengal Crop Reports PNG/cg1893p3_folder_1\cg1893p3_page_262.png,has,984,5042,1095,5040,1096,5100,985,5102
445,../Crop_Reports/Bengal Crop Reports PNG/cg1893p3_folder_1\cg1893p3_page_262.png,rendered,1124,5032,1423,5028,1424,5096,1125,5100
446,../Crop_Reports/Bengal Crop Reports PNG/cg1893p3_folder_1\cg1893p3_page_262.png,good,1456,5035,1619,5033,1620,5104,1457,5106
447,../Crop_Reports/Bengal Crop Reports PNG/cg1893p3_folder_1\cg1893p3_page_262.png,service,1652,5024,1903,5020,1904,5100,1653,5104
448,../Crop_Reports/Bengal Crop Reports PNG/cg1893p3_folder_1\cg1893p3_page_262.png,is,1936,5032,1987,5031,1988,5082,1937,5083
449,../Crop_Reports/Bengal Crop Reports PNG/cg1893p3_folder_1\cg1893p3_page_262.png,preferred,2016,5023,2347,5018,2348,5093,2017,5098
450,../Crop_Reports/Bengal Crop Reports PNG/cg1893p3_folder_1\cg1893p3_page_262.png,provided,2380,5017,2671,5013,2672,5089,2381,5093
451,../Crop_Reports/Bengal Crop Reports PNG/cg1893p3_folder_1\cg1893p3_page_262.png,he,2704,5013,2783,5012,2784,5087,2705,5088
452,../Crop_Reports/Bengal Crop Reports PNG/cg1893p3_folder_1\cg1893p3_page_262.png,be,2812,5011,2887,5010,2888,5065,2813,5066
453,../Crop_Reports/Bengal Crop Reports PNG/cg1893p3_folder_1\cg1893p3_page_262.png,other-,2928,5013,3131,5010,3132,5070,2929,5073
454,../Crop_Reports/Bengal Crop Reports PNG/cg1893p3_folder_1\cg1893p3_page_262.png,wise,346,5125,497,5122,498,5180,347,5183
455,../Crop_Reports/Bengal Crop Reports PNG/cg1893p3_folder_1\cg1893p3_page_262.png,qualified.,530,5118,847,5113,848,5189,531,5194
456,../Crop_Reports/Bengal Crop Reports PNG/cg1893p3_folder_1\cg1893p3_page_262.png,under,936,5117,1157,5113,1158,5175,937,5179
457,../Crop_Reports/Bengal Crop Reports PNG/cg1893p3_folder_1\cg1893p3_page_262.png,the,1184,5117,1289,5115,1290,5173,1185,5175
458,../Crop_Reports/Bengal Crop Reports PNG/cg1893p3_folder_1\cg1893p3_page_262.png,orders,1316,5105,1525,5101,1526,5167,1317,5171
459,../Crop_Reports/Bengal Crop Reports PNG/cg1893p3_folder_1\cg1893p3_page_262.png,of,1554,5109,1623,5108,1624,5167,1555,5168
460,../Crop_Reports/Bengal Crop Reports PNG/cg1893p3_folder_1\cg1893p3_page_262.png,the,1650,5109,1759,5107,1760,5165,1651,5167
461,../Crop_Reports/Bengal Crop Reports PNG/cg1893p3_folder_1\cg1893p3_page_262.png,board,1788,5097,1995,5093,1996,5160,1789,5164
462,../Crop_Reports/Bengal Crop Reports PNG/cg1893p3_folder_1\cg1893p3_page_262.png,of,2016,5093,2089,5092,2090,5159,2017,5160
463,../Crop_Reports/Bengal Crop Reports PNG/cg1893p3_folder_1\cg1893p3_page_262.png,revenue,2120,5091,2425,5086,2426,5162,2121,5167
464,../Crop_Reports/Bengal Crop Reports PNG/cg1893p3_folder_1\cg1893p3_page_262.png,the,2456,5093,2559,5091,2560,5146,2457,5148
465,../Crop_Reports/Bengal Crop Reports PNG/cg1893p3_folder_1\cg1893p3_page_262.png,number,2606,5089,2861,5085,2862,5144,2607,5148
466,../Crop_Reports/Bengal Crop Reports PNG/cg1893p3_folder_1\cg1893p3_page_262.png,of,2910,5088,2977,5087,2978,5144,2911,5145
467,../Crop_Reports/Bengal Crop Reports PNG/cg1893p3_folder_1\cg1893p3_page_262.png,the,3030,5091,3133,5089,3134,5145,3031,5147
468,../Crop_Reports/Bengal Crop Reports PNG/cg1893p3_folder_1\cg1893p3_page_262.png,11.,516,4530,613,4530,613,4585,516,4585
469,../Crop_Reports/Bengal Crop Reports PNG/cg1893p3_folder_1\cg1893p3_page_262.png,sarbarahkars.,616,4650,989,4650,989,4697,616,4697
470,../Crop_Reports/Bengal Crop Reports PNG/cg1893p3_folder_1\cg1893p3_page_262.png,dismissal,346,4895,661,4891,662,4959,347,4963
471,../Crop_Reports/Bengal Crop Reports PNG/cg1893p3_folder_1\cg1893p3_page_262.png,for,716,4899,819,4898,820,4956,717,4957
472,../Crop_Reports/Bengal Crop Reports PNG/cg1893p3_folder_1\cg1893p3_page_262.png,misconduct,881,4889,1285,4884,1286,4955,882,4960
473,../Crop_Reports/Bengal Crop Reports PNG/cg1893p3_folder_1\cg1893p3_page_262.png,under,1318,4891,1521,4888,1522,4945,1319,4948
474,../Crop_Reports/Bengal Crop Reports PNG/cg1893p3_folder_1\cg1893p3_page_262.png,the,1576,4880,1705,4878,1706,4943,1577,4945
475,../Crop_Reports/Bengal Crop Reports PNG/cg1893p3_folder_1\cg1893p3_page_262.png,orders,1742,4885,1953,4882,1954,4940,1743,4943
476,../Crop_Reports/Bengal Crop Reports PNG/cg1893p3_folder_1\cg1893p3_page_262.png,of,2010,4874,2101,4873,2102,4938,2011,4939
477,../Crop_Reports/Bengal Crop Reports PNG/cg1893p3_folder_1\cg1893p3_page_262.png,the,2124,4872,2229,4871,2230,4937,2125,4938
478,../Crop_Reports/Bengal Crop Reports PNG/cg1893p3_folder_1\cg1893p3_page_262.png,collector.,2310,4870,2627,4866,2628,4932,2311,4936
479,../Crop_Reports/Bengal Crop Reports PNG/cg1893p3_folder_1\cg1893p3_page_262.png,:,2177,3377,2177,3386,2121,3387,2121,3378