sort,image,word,x1,y1,x2,y2,x3,y3,x4,y4
0,../Crop_Reports/Bengal Crop Reports PNG/cg1914p2_folder_2\cg1914p2_page_691.png,1188,312,299,455,298,455,362,312,363
1,../Crop_Reports/Bengal Crop Reports PNG/cg1914p2_folder_2\cg1914p2_page_691.png,supplemen,755,280,1435,280,1435,359,755,359
2,../Crop_Reports/Bengal Crop Reports PNG/cg1914p2_folder_2\cg1914p2_page_691.png,,1437,280,1531,280,1531,359,1437,359
3,../Crop_Reports/Bengal Crop Reports PNG/cg1914p2_folder_2\cg1914p2_page_691.png,he,1508,288,1683,288,1683,355,1508,355
4,../Crop_Reports/Bengal Crop Reports PNG/cg1914p2_folder_2\cg1914p2_page_691.png,caloutta,1720,288,2155,288,2155,355,1720,355
5,../Crop_Reports/Bengal Crop Reports PNG/cg1914p2_folder_2\cg1914p2_page_691.png,gazette,2192,288,2596,288,2596,359,2192,359
6,../Crop_Reports/Bengal Crop Reports PNG/cg1914p2_folder_2\cg1914p2_page_691.png,adg.,2632,288,2827,288,2827,355,2632,355
7,../Crop_Reports/Bengal Crop Reports PNG/cg1914p2_folder_2\cg1914p2_page_691.png,18,2864,288,2955,288,2955,363,2864,363
8,../Crop_Reports/Bengal Crop Reports PNG/cg1914p2_folder_2\cg1914p2_page_691.png,1914.,3000,292,3155,292,3155,355,3000,355
9,../Crop_Reports/Bengal Crop Reports PNG/cg1914p2_folder_2\cg1914p2_page_691.png,district,772,605,1185,603,1185,663,772,665
10,../Crop_Reports/Bengal Crop Reports PNG/cg1914p2_folder_2\cg1914p2_page_691.png,reports,1256,601,1677,599,1677,660,1256,662
11,../Crop_Reports/Bengal Crop Reports PNG/cg1914p2_folder_2\cg1914p2_page_691.png,on,1794,592,1891,591,1891,666,1794,667
12,../Crop_Reports/Bengal Crop Reports PNG/cg1914p2_folder_2\cg1914p2_page_691.png,weather,1934,601,2369,599,2369,657,1934,659
13,../Crop_Reports/Bengal Crop Reports PNG/cg1914p2_folder_2\cg1914p2_page_691.png,and,2444,595,2621,594,2621,655,2444,656
14,../Crop_Reports/Bengal Crop Reports PNG/cg1914p2_folder_2\cg1914p2_page_691.png,crops,2686,587,2991,585,2991,659,2686,661
15,../Crop_Reports/Bengal Crop Reports PNG/cg1914p2_folder_2\cg1914p2_page_691.png,por,1054,752,1179,752,1179,831,1054,831
16,../Crop_Reports/Bengal Crop Reports PNG/cg1914p2_folder_2\cg1914p2_page_691.png,the,1204,762,1307,762,1307,819,1204,819
17,../Crop_Reports/Bengal Crop Reports PNG/cg1914p2_folder_2\cg1914p2_page_691.png,week,1344,766,1509,766,1509,819,1344,819
18,../Crop_Reports/Bengal Crop Reports PNG/cg1914p2_folder_2\cg1914p2_page_691.png,enduy,1546,762,1775,762,1775,831,1546,831
19,../Crop_Reports/Bengal Crop Reports PNG/cg1914p2_folder_2\cg1914p2_page_691.png,on,1816,780,1899,780,1899,817,1816,817
20,../Crop_Reports/Bengal Crop Reports PNG/cg1914p2_folder_2\cg1914p2_page_691.png,the,1942,760,2041,760,2041,815,1942,815
21,../Crop_Reports/Bengal Crop Reports PNG/cg1914p2_folder_2\cg1914p2_page_691.png,10th,2080,758,2225,758,2225,815,2080,815
22,../Crop_Reports/Bengal Crop Reports PNG/cg1914p2_folder_2\cg1914p2_page_691.png,august,2266,760,2531,760,2531,831,2266,831
23,../Crop_Reports/Bengal Crop Reports PNG/cg1914p2_folder_2\cg1914p2_page_691.png,1914,2578,762,2715,762,2715,819,2578,819
24,../Crop_Reports/Bengal Crop Reports PNG/cg1914p2_folder_2\cg1914p2_page_691.png,summury.-during,450,880,1147,880,1147,953,450,953
25,../Crop_Reports/Bengal Crop Reports PNG/cg1914p2_folder_2\cg1914p2_page_691.png,the,1200,880,1305,880,1305,937,1200,937
26,../Crop_Reports/Bengal Crop Reports PNG/cg1914p2_folder_2\cg1914p2_page_691.png,week,1360,880,1529,880,1529,937,1360,937
27,../Crop_Reports/Bengal Crop Reports PNG/cg1914p2_folder_2\cg1914p2_page_691.png,under,1584,876,1785,876,1785,953,1584,953
28,../Crop_Reports/Bengal Crop Reports PNG/cg1914p2_folder_2\cg1914p2_page_691.png,review,1840,880,2071,880,2071,953,1840,953
29,../Crop_Reports/Bengal Crop Reports PNG/cg1914p2_folder_2\cg1914p2_page_691.png,seasonable,2122,876,2487,876,2487,953,2122,953
30,../Crop_Reports/Bengal Crop Reports PNG/cg1914p2_folder_2\cg1914p2_page_691.png,rain,2542,880,2679,880,2679,935,2542,935
31,../Crop_Reports/Bengal Crop Reports PNG/cg1914p2_folder_2\cg1914p2_page_691.png,fell,2730,878,2843,878,2843,937,2730,937
32,../Crop_Reports/Bengal Crop Reports PNG/cg1914p2_folder_2\cg1914p2_page_691.png,in,2874,878,2941,878,2941,935,2874,935
33,../Crop_Reports/Bengal Crop Reports PNG/cg1914p2_folder_2\cg1914p2_page_691.png,the,2972,880,3077,880,3077,937,2972,937
34,../Crop_Reports/Bengal Crop Reports PNG/cg1914p2_folder_2\cg1914p2_page_691.png,chittagong,3106,872,3497,872,3497,953,3106,953
35,../Crop_Reports/Bengal Crop Reports PNG/cg1914p2_folder_2\cg1914p2_page_691.png,division;,304,964,639,963,639,1026,304,1027
36,../Crop_Reports/Bengal Crop Reports PNG/cg1914p2_folder_2\cg1914p2_page_691.png,also,676,950,811,949,811,1016,676,1017
37,../Crop_Reports/Bengal Crop Reports PNG/cg1914p2_folder_2\cg1914p2_page_691.png,in,840,958,903,958,903,1017,840,1017
38,../Crop_Reports/Bengal Crop Reports PNG/cg1914p2_folder_2\cg1914p2_page_691.png,the,940,957,1047,957,1047,1012,940,1012
39,../Crop_Reports/Bengal Crop Reports PNG/cg1914p2_folder_2\cg1914p2_page_691.png,jalpaiguri,1072,949,1427,948,1427,1031,1072,1032
40,../Crop_Reports/Bengal Crop Reports PNG/cg1914p2_folder_2\cg1914p2_page_691.png,and,1460,955,1579,955,1579,1013,1460,1014
41,../Crop_Reports/Bengal Crop Reports PNG/cg1914p2_folder_2\cg1914p2_page_691.png,darjeelng,1620,950,1975,949,1975,1028,1620,1029
42,../Crop_Reports/Bengal Crop Reports PNG/cg1914p2_folder_2\cg1914p2_page_691.png,districts.,2000,952,2303,951,2303,1011,2000,1012
43,../Crop_Reports/Bengal Crop Reports PNG/cg1914p2_folder_2\cg1914p2_page_691.png,light,2380,947,2575,946,2575,1022,2380,1023
44,../Crop_Reports/Bengal Crop Reports PNG/cg1914p2_folder_2\cg1914p2_page_691.png,to,2604,954,2671,954,2671,1009,2604,1009
45,../Crop_Reports/Bengal Crop Reports PNG/cg1914p2_folder_2\cg1914p2_page_691.png,moderate,2708,953,3027,952,3027,1012,2708,1013
46,../Crop_Reports/Bengal Crop Reports PNG/cg1914p2_folder_2\cg1914p2_page_691.png,rain,3080,956,3219,955,3219,1014,3080,1015
47,../Crop_Reports/Bengal Crop Reports PNG/cg1914p2_folder_2\cg1914p2_page_691.png,fell,3264,939,3379,939,3379,1015,3264,1015
48,../Crop_Reports/Bengal Crop Reports PNG/cg1914p2_folder_2\cg1914p2_page_691.png,in,3424,939,3495,939,3495,1014,3424,1014
49,../Crop_Reports/Bengal Crop Reports PNG/cg1914p2_folder_2\cg1914p2_page_691.png,the,306,1043,411,1045,410,1102,305,1100
50,../Crop_Reports/Bengal Crop Reports PNG/cg1914p2_folder_2\cg1914p2_page_691.png,rest,470,1044,591,1046,590,1100,469,1098
51,../Crop_Reports/Bengal Crop Reports PNG/cg1914p2_folder_2\cg1914p2_page_691.png,of,644,1039,705,1040,704,1097,643,1096
52,../Crop_Reports/Bengal Crop Reports PNG/cg1914p2_folder_2\cg1914p2_page_691.png,the,760,1035,865,1037,864,1096,759,1094
53,../Crop_Reports/Bengal Crop Reports PNG/cg1914p2_folder_2\cg1914p2_page_691.png,province,918,1048,1219,1053,1218,1116,917,1111
54,../Crop_Reports/Bengal Crop Reports PNG/cg1914p2_folder_2\cg1914p2_page_691.png,steeping,304,1116,591,1115,591,1190,304,1191
55,../Crop_Reports/Bengal Crop Reports PNG/cg1914p2_folder_2\cg1914p2_page_691.png,and,620,1110,743,1110,743,1174,620,1174
56,../Crop_Reports/Bengal Crop Reports PNG/cg1914p2_folder_2\cg1914p2_page_691.png,waahing,772,1106,1063,1105,1063,1185,772,1186
57,../Crop_Reports/Bengal Crop Reports PNG/cg1914p2_folder_2\cg1914p2_page_691.png,of,1092,1109,1155,1109,1155,1168,1092,1168
58,../Crop_Reports/Bengal Crop Reports PNG/cg1914p2_folder_2\cg1914p2_page_691.png,jute,1180,1116,1311,1115,1311,1183,1180,1184
59,../Crop_Reports/Bengal Crop Reports PNG/cg1914p2_folder_2\cg1914p2_page_691.png,and,1340,1108,1455,1108,1455,1167,1340,1167
60,../Crop_Reports/Bengal Crop Reports PNG/cg1914p2_folder_2\cg1914p2_page_691.png,for,1492,1107,1587,1107,1587,1166,1492,1166
61,../Crop_Reports/Bengal Crop Reports PNG/cg1914p2_folder_2\cg1914p2_page_691.png,transplantation,1616,1110,2147,1108,2147,1184,1616,1186
62,../Crop_Reports/Bengal Crop Reports PNG/cg1914p2_folder_2\cg1914p2_page_691.png,of,2176,1105,2243,1105,2243,1164,2176,1164
63,../Crop_Reports/Bengal Crop Reports PNG/cg1914p2_folder_2\cg1914p2_page_691.png,winter,2272,1112,2503,1111,2503,1167,2272,1168
64,../Crop_Reports/Bengal Crop Reports PNG/cg1914p2_folder_2\cg1914p2_page_691.png,paddy.,2528,1103,2755,1102,2755,1182,2528,1183
65,../Crop_Reports/Bengal Crop Reports PNG/cg1914p2_folder_2\cg1914p2_page_691.png,harvesting,2836,1098,3223,1096,3223,1180,2836,1182
66,../Crop_Reports/Bengal Crop Reports PNG/cg1914p2_folder_2\cg1914p2_page_691.png,of,3252,1108,3315,1108,3315,1168,3252,1168
67,../Crop_Reports/Bengal Crop Reports PNG/cg1914p2_folder_2\cg1914p2_page_691.png,aus,3364,1124,3491,1124,3491,1171,3364,1171
68,../Crop_Reports/Bengal Crop Reports PNG/cg1914p2_folder_2\cg1914p2_page_691.png,paddy,301,1197,511,1196,511,1266,301,1267
69,../Crop_Reports/Bengal Crop Reports PNG/cg1914p2_folder_2\cg1914p2_page_691.png,and,565,1192,684,1191,684,1248,565,1249
70,../Crop_Reports/Bengal Crop Reports PNG/cg1914p2_folder_2\cg1914p2_page_691.png,jute,732,1192,867,1191,867,1261,732,1262
71,../Crop_Reports/Bengal Crop Reports PNG/cg1914p2_folder_2\cg1914p2_page_691.png,are,896,1205,998,1205,998,1243,896,1243
72,../Crop_Reports/Bengal Crop Reports PNG/cg1914p2_folder_2\cg1914p2_page_691.png,in,1031,1191,1094,1191,1094,1244,1031,1244
73,../Crop_Reports/Bengal Crop Reports PNG/cg1914p2_folder_2\cg1914p2_page_691.png,progress,1125,1205,1413,1204,1413,1263,1125,1264
74,../Crop_Reports/Bengal Crop Reports PNG/cg1914p2_folder_2\cg1914p2_page_691.png,everywhere.,1438,1188,1869,1186,1869,1255,1438,1257
75,../Crop_Reports/Bengal Crop Reports PNG/cg1914p2_folder_2\cg1914p2_page_691.png,the,1944,1186,2072,1185,2072,1237,1944,1238
76,../Crop_Reports/Bengal Crop Reports PNG/cg1914p2_folder_2\cg1914p2_page_691.png,condition,2105,1185,2427,1184,2427,1259,2105,1260
77,../Crop_Reports/Bengal Crop Reports PNG/cg1914p2_folder_2\cg1914p2_page_691.png,and,2461,1183,2582,1182,2582,1237,2461,1238
78,../Crop_Reports/Bengal Crop Reports PNG/cg1914p2_folder_2\cg1914p2_page_691.png,prospects,2612,1192,2932,1191,2932,1253,2612,1254
79,../Crop_Reports/Bengal Crop Reports PNG/cg1914p2_folder_2\cg1914p2_page_691.png,of,2963,1185,3026,1185,3026,1238,2963,1238
80,../Crop_Reports/Bengal Crop Reports PNG/cg1914p2_folder_2\cg1914p2_page_691.png,the,3054,1184,3160,1184,3160,1240,3054,1240
81,../Crop_Reports/Bengal Crop Reports PNG/cg1914p2_folder_2\cg1914p2_page_691.png,standing,3190,1185,3490,1184,3490,1253,3190,1254
82,../Crop_Reports/Bengal Crop Reports PNG/cg1914p2_folder_2\cg1914p2_page_691.png,crops,300,1286,481,1282,482,1350,301,1354
83,../Crop_Reports/Bengal Crop Reports PNG/cg1914p2_folder_2\cg1914p2_page_691.png,is,534,1271,589,1270,591,1349,536,1350
84,../Crop_Reports/Bengal Crop Reports PNG/cg1914p2_folder_2\cg1914p2_page_691.png,fairly,642,1269,835,1265,836,1340,643,1344
85,../Crop_Reports/Bengal Crop Reports PNG/cg1914p2_folder_2\cg1914p2_page_691.png,good,892,1268,1047,1265,1048,1335,893,1338
86,../Crop_Reports/Bengal Crop Reports PNG/cg1914p2_folder_2\cg1914p2_page_691.png,price,299,1348,471,1347,471,1417,299,1418
87,../Crop_Reports/Bengal Crop Reports PNG/cg1914p2_folder_2\cg1914p2_page_691.png,of,491,1346,555,1346,555,1401,491,1401
88,../Crop_Reports/Bengal Crop Reports PNG/cg1914p2_folder_2\cg1914p2_page_691.png,common,578,1360,871,1358,871,1414,578,1416
89,../Crop_Reports/Bengal Crop Reports PNG/cg1914p2_folder_2\cg1914p2_page_691.png,rice,900,1357,1024,1356,1024,1396,900,1397
90,../Crop_Reports/Bengal Crop Reports PNG/cg1914p2_folder_2\cg1914p2_page_691.png,has,1055,1342,1164,1341,1164,1394,1055,1395
91,../Crop_Reports/Bengal Crop Reports PNG/cg1914p2_folder_2\cg1914p2_page_691.png,risen,1207,1341,1371,1340,1371,1412,1207,1413
92,../Crop_Reports/Bengal Crop Reports PNG/cg1914p2_folder_2\cg1914p2_page_691.png,by,1393,1340,1474,1340,1474,1409,1393,1409
93,../Crop_Reports/Bengal Crop Reports PNG/cg1914p2_folder_2\cg1914p2_page_691.png,about,1501,1340,1693,1339,1693,1393,1501,1394
94,../Crop_Reports/Bengal Crop Reports PNG/cg1914p2_folder_2\cg1914p2_page_691.png,l.2,1721,1338,1809,1337,1809,1392,1721,1393
95,../Crop_Reports/Bengal Crop Reports PNG/cg1914p2_folder_2\cg1914p2_page_691.png,per,1838,1356,1933,1355,1933,1408,1838,1409
96,../Crop_Reports/Bengal Crop Reports PNG/cg1914p2_folder_2\cg1914p2_page_691.png,cent.,1973,1342,2135,1341,2135,1390,1973,1391
97,../Crop_Reports/Bengal Crop Reports PNG/cg1914p2_folder_2\cg1914p2_page_691.png,as,2160,1350,2226,1350,2226,1391,2160,1391
98,../Crop_Reports/Bengal Crop Reports PNG/cg1914p2_folder_2\cg1914p2_page_691.png,compared,2256,1336,2585,1334,2585,1404,2256,1406
99,../Crop_Reports/Bengal Crop Reports PNG/cg1914p2_folder_2\cg1914p2_page_691.png,with,2616,1335,2773,1334,2773,1393,2616,1394
100,../Crop_Reports/Bengal Crop Reports PNG/cg1914p2_folder_2\cg1914p2_page_691.png,that,2807,1336,2935,1335,2935,1391,2807,1392
101,../Crop_Reports/Bengal Crop Reports PNG/cg1914p2_folder_2\cg1914p2_page_691.png,of,2969,1335,3031,1335,3031,1391,2969,1391
102,../Crop_Reports/Bengal Crop Reports PNG/cg1914p2_folder_2\cg1914p2_page_691.png,the,3063,1335,3167,1334,3167,1393,3063,1394
103,../Crop_Reports/Bengal Crop Reports PNG/cg1914p2_folder_2\cg1914p2_page_691.png,previous,3197,1329,3493,1327,3493,1399,3197,1401
104,../Crop_Reports/Bengal Crop Reports PNG/cg1914p2_folder_2\cg1914p2_page_691.png,week.,300,1417,493,1415,494,1489,301,1491
105,../Crop_Reports/Bengal Crop Reports PNG/cg1914p2_folder_2\cg1914p2_page_691.png,more,1308,1028,1487,1028,1487,1089,1308,1089
106,../Crop_Reports/Bengal Crop Reports PNG/cg1914p2_folder_2\cg1914p2_page_691.png,ram,1546,1050,1675,1050,1675,1087,1546,1087
107,../Crop_Reports/Bengal Crop Reports PNG/cg1914p2_folder_2\cg1914p2_page_691.png,18,1725,1028,1841,1028,1841,1099,1725,1099
108,../Crop_Reports/Bengal Crop Reports PNG/cg1914p2_folder_2\cg1914p2_page_691.png,wanted,1844,1030,2089,1030,2089,1089,1844,1089
109,../Crop_Reports/Bengal Crop Reports PNG/cg1914p2_folder_2\cg1914p2_page_691.png,in,2120,1048,2185,1048,2185,1085,2120,1085
110,../Crop_Reports/Bengal Crop Reports PNG/cg1914p2_folder_2\cg1914p2_page_691.png,most,2218,1036,2377,1036,2377,1085,2218,1085
111,../Crop_Reports/Bengal Crop Reports PNG/cg1914p2_folder_2\cg1914p2_page_691.png,of,2406,1032,2471,1032,2471,1085,2406,1085
112,../Crop_Reports/Bengal Crop Reports PNG/cg1914p2_folder_2\cg1914p2_page_691.png,the,2502,1028,2605,1028,2605,1085,2502,1085
113,../Crop_Reports/Bengal Crop Reports PNG/cg1914p2_folder_2\cg1914p2_page_691.png,east,2638,1028,2787,1028,2787,1089,2638,1089
114,../Crop_Reports/Bengal Crop Reports PNG/cg1914p2_folder_2\cg1914p2_page_691.png,bengal,2818,1030,3053,1030,3053,1099,2818,1099
115,../Crop_Reports/Bengal Crop Reports PNG/cg1914p2_folder_2\cg1914p2_page_691.png,districts,3082,1032,3369,1032,3369,1091,3082,1091
116,../Crop_Reports/Bengal Crop Reports PNG/cg1914p2_folder_2\cg1914p2_page_691.png,for,3394,1036,3497,1036,3497,1093,3394,1093
117,../Crop_Reports/Bengal Crop Reports PNG/cg1914p2_folder_2\cg1914p2_page_691.png,cattle-disease,1138,1254,1619,1254,1619,1321,1138,1321
118,../Crop_Reports/Bengal Crop Reports PNG/cg1914p2_folder_2\cg1914p2_page_691.png,18,1680,1254,1785,1254,1785,1335,1680,1335
119,../Crop_Reports/Bengal Crop Reports PNG/cg1914p2_folder_2\cg1914p2_page_691.png,reported,1786,1260,2071,1260,2071,1335,1786,1335
120,../Crop_Reports/Bengal Crop Reports PNG/cg1914p2_folder_2\cg1914p2_page_691.png,from,2130,1256,2281,1256,2281,1315,2130,1315
121,../Crop_Reports/Bengal Crop Reports PNG/cg1914p2_folder_2\cg1914p2_page_691.png,fourteen,2338,1254,2635,1254,2635,1315,2338,1315
122,../Crop_Reports/Bengal Crop Reports PNG/cg1914p2_folder_2\cg1914p2_page_691.png,districts.,2672,1254,2979,1254,2979,1317,2672,1317
123,../Crop_Reports/Bengal Crop Reports PNG/cg1914p2_folder_2\cg1914p2_page_691.png,the,3056,1260,3185,1260,3185,1319,3056,1319
124,../Crop_Reports/Bengal Crop Reports PNG/cg1914p2_folder_2\cg1914p2_page_691.png,average,3228,1254,3493,1254,3493,1335,3228,1335
125,../Crop_Reports/Bengal Crop Reports PNG/cg1914p2_folder_2\cg1914p2_page_691.png,priok,1345,1580,1489,1581,1489,1621,1345,1620
126,../Crop_Reports/Bengal Crop Reports PNG/cg1914p2_folder_2\cg1914p2_page_691.png,or,1491,1582,1542,1582,1542,1621,1491,1621
127,../Crop_Reports/Bengal Crop Reports PNG/cg1914p2_folder_2\cg1914p2_page_691.png,rom,1551,1582,1656,1583,1656,1622,1551,1621
128,../Crop_Reports/Bengal Crop Reports PNG/cg1914p2_folder_2\cg1914p2_page_691.png,mon,1658,1583,1736,1584,1736,1623,1658,1622
129,../Crop_Reports/Bengal Crop Reports PNG/cg1914p2_folder_2\cg1914p2_page_691.png,rick,1743,1586,1884,1587,1884,1622,1743,1621
130,../Crop_Reports/Bengal Crop Reports PNG/cg1914p2_folder_2\cg1914p2_page_691.png,in,1891,1589,1913,1589,1913,1615,1891,1615
131,../Crop_Reports/Bengal Crop Reports PNG/cg1914p2_folder_2\cg1914p2_page_691.png,axgh8,1418,1629,1552,1628,1552,1660,1418,1661
132,../Crop_Reports/Bengal Crop Reports PNG/cg1914p2_folder_2\cg1914p2_page_691.png,pek,1576,1629,1654,1629,1654,1657,1576,1657
133,../Crop_Reports/Bengal Crop Reports PNG/cg1914p2_folder_2\cg1914p2_page_691.png,kupek,1677,1628,1822,1627,1822,1657,1677,1658
134,../Crop_Reports/Bengal Crop Reports PNG/cg1914p2_folder_2\cg1914p2_page_691.png,1erlal,320,1663,423,1658,425,1694,322,1699
135,../Crop_Reports/Bengal Crop Reports PNG/cg1914p2_folder_2\cg1914p2_page_691.png,no.,338,1702,401,1702,401,1738,338,1738
136,../Crop_Reports/Bengal Crop Reports PNG/cg1914p2_folder_2\cg1914p2_page_691.png,dutrlato,588,1652,750,1651,750,1684,588,1685
137,../Crop_Reports/Bengal Crop Reports PNG/cg1914p2_folder_2\cg1914p2_page_691.png,and,762,1652,829,1652,829,1686,762,1686
138,../Crop_Reports/Bengal Crop Reports PNG/cg1914p2_folder_2\cg1914p2_page_691.png,pubdivieloui,594,1694,825,1694,825,1729,594,1729
139,../Crop_Reports/Bengal Crop Reports PNG/cg1914p2_folder_2\cg1914p2_page_691.png,rainfall,1058,1666,1209,1664,1209,1699,1058,1701
140,../Crop_Reports/Bengal Crop Reports PNG/cg1914p2_folder_2\cg1914p2_page_691.png,obarnotar,2252,1662,2437,1663,2437,1698,2252,1697
141,../Crop_Reports/Bengal Crop Reports PNG/cg1914p2_folder_2\cg1914p2_page_691.png,of,2452,1666,2487,1666,2487,1697,2452,1697
142,../Crop_Reports/Bengal Crop Reports PNG/cg1914p2_folder_2\cg1914p2_page_691.png,the,2504,1666,2563,1666,2563,1697,2504,1697
143,../Crop_Reports/Bengal Crop Reports PNG/cg1914p2_folder_2\cg1914p2_page_691.png,wenther,2578,1664,2741,1665,2741,1703,2578,1702
144,../Crop_Reports/Bengal Crop Reports PNG/cg1914p2_folder_2\cg1914p2_page_691.png,oondition,2756,1662,2933,1663,2933,1700,2756,1699
145,../Crop_Reports/Bengal Crop Reports PNG/cg1914p2_folder_2\cg1914p2_page_691.png,of,2948,1666,2985,1666,2985,1699,2948,1699
146,../Crop_Reports/Bengal Crop Reports PNG/cg1914p2_folder_2\cg1914p2_page_691.png,oropa,2998,1672,3111,1673,3111,1706,2998,1705
147,../Crop_Reports/Bengal Crop Reports PNG/cg1914p2_folder_2\cg1914p2_page_691.png,oto,3124,1669,3181,1669,3181,1700,3124,1700
148,../Crop_Reports/Bengal Crop Reports PNG/cg1914p2_folder_2\cg1914p2_page_691.png,this,1327,1741,1434,1741,1434,1784,1327,1784
149,../Crop_Reports/Bengal Crop Reports PNG/cg1914p2_folder_2\cg1914p2_page_691.png,weok,1433,1748,1522,1748,1522,1778,1433,1778
150,../Crop_Reports/Bengal Crop Reports PNG/cg1914p2_folder_2\cg1914p2_page_691.png,provlon,1630,1744,1795,1744,1795,1777,1630,1777
151,../Crop_Reports/Bengal Crop Reports PNG/cg1914p2_folder_2\cg1914p2_page_691.png,week,1811,1748,1900,1748,1900,1780,1811,1780
152,../Crop_Reports/Bengal Crop Reports PNG/cg1914p2_folder_2\cg1914p2_page_691.png,---,2977,1827,3037,1827,3037,1840,2977,1840
153,../Crop_Reports/Bengal Crop Reports PNG/cg1914p2_folder_2\cg1914p2_page_691.png,m,3090,1827,3123,1827,3123,1840,3090,1840
154,../Crop_Reports/Bengal Crop Reports PNG/cg1914p2_folder_2\cg1914p2_page_691.png,inches,1006,2060,1231,2060,1231,2115,1006,2115
155,../Crop_Reports/Bengal Crop Reports PNG/cg1914p2_folder_2\cg1914p2_page_691.png,127,1076,2138,1197,2138,1197,2196,1076,2196
156,../Crop_Reports/Bengal Crop Reports PNG/cg1914p2_folder_2\cg1914p2_page_691.png,weather,2001,2129,2291,2132,2290,2188,2000,2185
157,../Crop_Reports/Bengal Crop Reports PNG/cg1914p2_folder_2\cg1914p2_page_691.png,seasonable.,2345,2131,2726,2135,2725,2194,2344,2190
158,../Crop_Reports/Bengal Crop Reports PNG/cg1914p2_folder_2\cg1914p2_page_691.png,sutticient,2042,2208,2351,2208,2351,2265,2042,2265
159,../Crop_Reports/Bengal Crop Reports PNG/cg1914p2_folder_2\cg1914p2_page_691.png,reported.,2040,2284,2351,2284,2351,2355,2040,2355
160,../Crop_Reports/Bengal Crop Reports PNG/cg1914p2_folder_2\cg1914p2_page_691.png,condition,2424,2276,2771,2276,2771,2343,2424,2343
161,../Crop_Reports/Bengal Crop Reports PNG/cg1914p2_folder_2\cg1914p2_page_691.png,of,2816,2276,2879,2276,2879,2343,2816,2343
162,../Crop_Reports/Bengal Crop Reports PNG/cg1914p2_folder_2\cg1914p2_page_691.png,condition,2038,2362,2381,2362,2381,2419,2038,2419
163,../Crop_Reports/Bengal Crop Reports PNG/cg1914p2_folder_2\cg1914p2_page_691.png,of,2436,2360,2501,2360,2501,2421,2436,2421
164,../Crop_Reports/Bengal Crop Reports PNG/cg1914p2_folder_2\cg1914p2_page_691.png,jute,2564,2370,2701,2370,2701,2433,2564,2433
165,../Crop_Reports/Bengal Crop Reports PNG/cg1914p2_folder_2\cg1914p2_page_691.png,and,2752,2362,2873,2362,2873,2419,2752,2419
166,../Crop_Reports/Bengal Crop Reports PNG/cg1914p2_folder_2\cg1914p2_page_691.png,winter,2932,2360,3157,2360,3157,2421,2932,2421
167,../Crop_Reports/Bengal Crop Reports PNG/cg1914p2_folder_2\cg1914p2_page_691.png,rice,3228,2356,3353,2356,3353,2421,3228,2421
168,../Crop_Reports/Bengal Crop Reports PNG/cg1914p2_folder_2\cg1914p2_page_691.png,is,3422,2364,3485,2364,3485,2425,3422,2425
169,../Crop_Reports/Bengal Crop Reports PNG/cg1914p2_folder_2\cg1914p2_page_691.png,good.,2040,2435,2221,2434,2221,2510,2040,2511
170,../Crop_Reports/Bengal Crop Reports PNG/cg1914p2_folder_2\cg1914p2_page_691.png,fodder,2818,2130,3061,2130,3061,2189,2818,2189
171,../Crop_Reports/Bengal Crop Reports PNG/cg1914p2_folder_2\cg1914p2_page_691.png,and,3112,2132,3237,2132,3237,2189,3112,2189
172,../Crop_Reports/Bengal Crop Reports PNG/cg1914p2_folder_2\cg1914p2_page_691.png,water,3292,2140,3489,2140,3489,2191,3292,2191
173,../Crop_Reports/Bengal Crop Reports PNG/cg1914p2_folder_2\cg1914p2_page_691.png,no,2440,2208,2543,2208,2543,2285,2440,2285
174,../Crop_Reports/Bengal Crop Reports PNG/cg1914p2_folder_2\cg1914p2_page_691.png,large,2572,2210,2741,2210,2741,2283,2572,2283
175,../Crop_Reports/Bengal Crop Reports PNG/cg1914p2_folder_2\cg1914p2_page_691.png,export,2770,2220,2991,2220,2991,2279,2770,2279
176,../Crop_Reports/Bengal Crop Reports PNG/cg1914p2_folder_2\cg1914p2_page_691.png,or,3030,2206,3119,2206,3119,2285,3030,2285
177,../Crop_Reports/Bengal Crop Reports PNG/cg1914p2_folder_2\cg1914p2_page_691.png,import,3148,2210,3385,2210,3385,2281,3148,2281
178,../Crop_Reports/Bengal Crop Reports PNG/cg1914p2_folder_2\cg1914p2_page_691.png,is,3428,2212,3487,2212,3487,2269,3428,2269
179,../Crop_Reports/Bengal Crop Reports PNG/cg1914p2_folder_2\cg1914p2_page_691.png,cattle,2958,2284,3147,2288,3146,2352,2957,2348
180,../Crop_Reports/Bengal Crop Reports PNG/cg1914p2_folder_2\cg1914p2_page_691.png,is,3198,2278,3267,2279,3266,2347,3197,2346
181,../Crop_Reports/Bengal Crop Reports PNG/cg1914p2_folder_2\cg1914p2_page_691.png,good.,3306,2285,3491,2289,3490,2361,3305,2358
182,../Crop_Reports/Bengal Crop Reports PNG/cg1914p2_folder_2\cg1914p2_page_691.png,1|,377,2140,509,2139,510,2210,378,2211
183,../Crop_Reports/Bengal Crop Reports PNG/cg1914p2_folder_2\cg1914p2_page_691.png,24-parganas,511,2138,941,2135,942,2207,512,2210
184,../Crop_Reports/Bengal Crop Reports PNG/cg1914p2_folder_2\cg1914p2_page_691.png,64,1736,2132,1807,2131,1807,2198,1736,2199
185,../Crop_Reports/Bengal Crop Reports PNG/cg1914p2_folder_2\cg1914p2_page_691.png,3.24,1074,2291,1197,2292,1196,2351,1073,2350
186,../Crop_Reports/Bengal Crop Reports PNG/cg1914p2_folder_2\cg1914p2_page_691.png,diamond,478,2296,793,2292,794,2353,479,2357
187,../Crop_Reports/Bengal Crop Reports PNG/cg1914p2_folder_2\cg1914p2_page_691.png,arbonr.,554,2370,865,2368,865,2428,554,2430
188,../Crop_Reports/Bengal Crop Reports PNG/cg1914p2_folder_2\cg1914p2_page_691.png,barrackpore,480,2444,903,2444,903,2523,480,2523
189,../Crop_Reports/Bengal Crop Reports PNG/cg1914p2_folder_2\cg1914p2_page_691.png,baranat,480,2525,737,2526,737,2587,480,2586
190,../Crop_Reports/Bengal Crop Reports PNG/cg1914p2_folder_2\cg1914p2_page_691.png,basirhat,480,2603,771,2599,772,2663,481,2667
191,../Crop_Reports/Bengal Crop Reports PNG/cg1914p2_folder_2\cg1914p2_page_691.png,1:77,1072,2445,1195,2440,1197,2500,1074,2505
192,../Crop_Reports/Bengal Crop Reports PNG/cg1914p2_folder_2\cg1914p2_page_691.png,1.08,1072,2521,1197,2519,1198,2581,1073,2583
193,../Crop_Reports/Bengal Crop Reports PNG/cg1914p2_folder_2\cg1914p2_page_691.png,066,1068,2600,1199,2598,1200,2657,1069,2659
194,../Crop_Reports/Bengal Crop Reports PNG/cg1914p2_folder_2\cg1914p2_page_691.png,61,1430,2438,1499,2440,1497,2507,1428,2505
195,../Crop_Reports/Bengal Crop Reports PNG/cg1914p2_folder_2\cg1914p2_page_691.png,7t,1432,2515,1496,2516,1495,2585,1431,2584
196,../Crop_Reports/Bengal Crop Reports PNG/cg1914p2_folder_2\cg1914p2_page_691.png,7,1434,2594,1463,2595,1461,2658,1432,2657
197,../Crop_Reports/Bengal Crop Reports PNG/cg1914p2_folder_2\cg1914p2_page_691.png,8,1736,2592,1771,2593,1770,2654,1735,2653
198,../Crop_Reports/Bengal Crop Reports PNG/cg1914p2_folder_2\cg1914p2_page_691.png,|,1975,2736,2031,2736,2031,2811,1975,2811
199,../Crop_Reports/Bengal Crop Reports PNG/cg1914p2_folder_2\cg1914p2_page_691.png,weather,2047,2736,2303,2737,2303,2813,2047,2812
200,../Crop_Reports/Bengal Crop Reports PNG/cg1914p2_folder_2\cg1914p2_page_691.png,seayonable.,2312,2743,2693,2745,2693,2807,2312,2805
201,../Crop_Reports/Bengal Crop Reports PNG/cg1914p2_folder_2\cg1914p2_page_691.png,the,2768,2746,2897,2747,2897,2805,2768,2804
202,../Crop_Reports/Bengal Crop Reports PNG/cg1914p2_folder_2\cg1914p2_page_691.png,prospects,2922,2749,3245,2751,3245,2820,2922,2818
203,../Crop_Reports/Bengal Crop Reports PNG/cg1914p2_folder_2\cg1914p2_page_691.png,of,3264,2745,3329,2745,3329,2804,3264,2804
204,../Crop_Reports/Bengal Crop Reports PNG/cg1914p2_folder_2\cg1914p2_page_691.png,aus,3352,2761,3487,2762,3487,2807,3352,2806
205,../Crop_Reports/Bengal Crop Reports PNG/cg1914p2_folder_2\cg1914p2_page_691.png,paddy,2044,2825,2253,2824,2253,2896,2044,2897
206,../Crop_Reports/Bengal Crop Reports PNG/cg1914p2_folder_2\cg1914p2_page_691.png,are,2294,2843,2397,2843,2397,2882,2294,2882
207,../Crop_Reports/Bengal Crop Reports PNG/cg1914p2_folder_2\cg1914p2_page_691.png,good,2426,2824,2585,2823,2585,2895,2426,2896
208,../Crop_Reports/Bengal Crop Reports PNG/cg1914p2_folder_2\cg1914p2_page_691.png,and,2614,2822,2737,2822,2737,2879,2614,2879
209,../Crop_Reports/Bengal Crop Reports PNG/cg1914p2_folder_2\cg1914p2_page_691.png,those,2770,2821,2945,2820,2945,2880,2770,2881
210,../Crop_Reports/Bengal Crop Reports PNG/cg1914p2_folder_2\cg1914p2_page_691.png,of,2978,2822,3041,2822,3041,2880,2978,2880
211,../Crop_Reports/Bengal Crop Reports PNG/cg1914p2_folder_2\cg1914p2_page_691.png,jute,3068,2818,3203,2818,3203,2893,3068,2893
212,../Crop_Reports/Bengal Crop Reports PNG/cg1914p2_folder_2\cg1914p2_page_691.png,are,3234,2839,3335,2839,3335,2881,3234,2881
213,../Crop_Reports/Bengal Crop Reports PNG/cg1914p2_folder_2\cg1914p2_page_691.png,not,3368,2829,3479,2829,3479,2882,3368,2882
214,../Crop_Reports/Bengal Crop Reports PNG/cg1914p2_folder_2\cg1914p2_page_691.png,favourable,2044,2896,2405,2896,2405,2959,2044,2959
215,../Crop_Reports/Bengal Crop Reports PNG/cg1914p2_folder_2\cg1914p2_page_691.png,owing,2430,2896,2647,2896,2647,2973,2430,2973
216,../Crop_Reports/Bengal Crop Reports PNG/cg1914p2_folder_2\cg1914p2_page_691.png,to,2682,2910,2741,2910,2741,2957,2682,2957
217,../Crop_Reports/Bengal Crop Reports PNG/cg1914p2_folder_2\cg1914p2_page_691.png,damage,2766,2900,3027,2900,3027,2973,2766,2973
218,../Crop_Reports/Bengal Crop Reports PNG/cg1914p2_folder_2\cg1914p2_page_691.png,by,3070,2896,3167,2896,3167,2973,3070,2973
219,../Crop_Reports/Bengal Crop Reports PNG/cg1914p2_folder_2\cg1914p2_page_691.png,insects.,3224,2900,3481,2900,3481,2959,3224,2959
220,../Crop_Reports/Bengal Crop Reports PNG/cg1914p2_folder_2\cg1914p2_page_691.png,transplantation,2041,2980,2598,2982,2598,3052,2041,3050
221,../Crop_Reports/Bengal Crop Reports PNG/cg1914p2_folder_2\cg1914p2_page_691.png,of,2655,2979,2717,2979,2717,3033,2655,3033
222,../Crop_Reports/Bengal Crop Reports PNG/cg1914p2_folder_2\cg1914p2_page_691.png,winter,2774,2983,3000,2984,3000,3054,2774,3053
223,../Crop_Reports/Bengal Crop Reports PNG/cg1914p2_folder_2\cg1914p2_page_691.png,rice,3027,2992,3154,2992,3154,3034,3027,3034
224,../Crop_Reports/Bengal Crop Reports PNG/cg1914p2_folder_2\cg1914p2_page_691.png,is,3185,2992,3239,2992,3239,3033,3185,3033
225,../Crop_Reports/Bengal Crop Reports PNG/cg1914p2_folder_2\cg1914p2_page_691.png,going,3282,2991,3483,2992,3483,3055,3282,3054
226,../Crop_Reports/Bengal Crop Reports PNG/cg1914p2_folder_2\cg1914p2_page_691.png,2,390,2759,451,2757,454,2830,393,2832
227,../Crop_Reports/Bengal Crop Reports PNG/cg1914p2_folder_2\cg1914p2_page_691.png,nadia,478,2755,697,2747,700,2820,481,2829
228,../Crop_Reports/Bengal Crop Reports PNG/cg1914p2_folder_2\cg1914p2_page_691.png,089,1070,2754,1195,2754,1195,2811,1070,2811
229,../Crop_Reports/Bengal Crop Reports PNG/cg1914p2_folder_2\cg1914p2_page_691.png,7,1432,2752,1475,2752,1475,2823,1432,2823
230,../Crop_Reports/Bengal Crop Reports PNG/cg1914p2_folder_2\cg1914p2_page_691.png,6.,1416,2902,1477,2901,1478,2974,1417,2975
231,../Crop_Reports/Bengal Crop Reports PNG/cg1914p2_folder_2\cg1914p2_page_691.png,kushtia,482,2910,757,2912,757,2974,482,2972
232,../Crop_Reports/Bengal Crop Reports PNG/cg1914p2_folder_2\cg1914p2_page_691.png,meherpur,480,2984,819,2989,818,3068,479,3063
233,../Crop_Reports/Bengal Crop Reports PNG/cg1914p2_folder_2\cg1914p2_page_691.png,...,875,3026,938,3027,938,3047,875,3046
234,../Crop_Reports/Bengal Crop Reports PNG/cg1914p2_folder_2\cg1914p2_page_691.png,chuadanga,476,3056,859,3062,858,3150,475,3144
235,../Crop_Reports/Bengal Crop Reports PNG/cg1914p2_folder_2\cg1914p2_page_691.png,...,875,3106,938,3107,938,3122,875,3121
236,../Crop_Reports/Bengal Crop Reports PNG/cg1914p2_folder_2\cg1914p2_page_691.png,ranagbat,484,3132,815,3132,815,3215,484,3215
237,../Crop_Reports/Bengal Crop Reports PNG/cg1914p2_folder_2\cg1914p2_page_691.png,466,1070,2908,1197,2907,1197,2965,1070,2966
238,../Crop_Reports/Bengal Crop Reports PNG/cg1914p2_folder_2\cg1914p2_page_691.png,6.77,1072,2983,1195,2982,1195,3043,1072,3044
239,../Crop_Reports/Bengal Crop Reports PNG/cg1914p2_folder_2\cg1914p2_page_691.png,217,1072,3062,1195,3063,1195,3122,1072,3121
240,../Crop_Reports/Bengal Crop Reports PNG/cg1914p2_folder_2\cg1914p2_page_691.png,0-93,1070,3138,1197,3139,1197,3197,1070,3196
241,../Crop_Reports/Bengal Crop Reports PNG/cg1914p2_folder_2\cg1914p2_page_691.png,harvesting,2240,3044,2647,3044,2647,3127,2240,3127
242,../Crop_Reports/Bengal Crop Reports PNG/cg1914p2_folder_2\cg1914p2_page_691.png,of,2736,3052,2799,3052,2799,3111,2736,3111
243,../Crop_Reports/Bengal Crop Reports PNG/cg1914p2_folder_2\cg1914p2_page_691.png,continues.,3126,3051,3483,3058,3482,3116,3125,3109
244,../Crop_Reports/Bengal Crop Reports PNG/cg1914p2_folder_2\cg1914p2_page_691.png,no,3383,3128,3482,3128,3482,3189,3383,3189
245,../Crop_Reports/Bengal Crop Reports PNG/cg1914p2_folder_2\cg1914p2_page_691.png,on.,2076,3069,2149,3068,2150,3121,2077,3122
246,../Crop_Reports/Bengal Crop Reports PNG/cg1914p2_folder_2\cg1914p2_page_691.png,aus,2900,3070,3023,3070,3023,3111,2900,3111
247,../Crop_Reports/Bengal Crop Reports PNG/cg1914p2_folder_2\cg1914p2_page_691.png,fodder,2040,3134,2283,3133,2283,3196,2040,3197
248,../Crop_Reports/Bengal Crop Reports PNG/cg1914p2_folder_2\cg1914p2_page_691.png,and,2346,3134,2469,3133,2469,3191,2346,3192
249,../Crop_Reports/Bengal Crop Reports PNG/cg1914p2_folder_2\cg1914p2_page_691.png,water,2532,3141,2725,3140,2725,3190,2532,3191
250,../Crop_Reports/Bengal Crop Reports PNG/cg1914p2_folder_2\cg1914p2_page_691.png,are,2790,3150,2893,3150,2893,3189,2790,3189
251,../Crop_Reports/Bengal Crop Reports PNG/cg1914p2_folder_2\cg1914p2_page_691.png,sufficient.,2948,3131,3281,3129,3281,3189,2948,3191
252,../Crop_Reports/Bengal Crop Reports PNG/cg1914p2_folder_2\cg1914p2_page_691.png,large,2040,3212,2209,3212,2209,3289,2040,3289
253,../Crop_Reports/Bengal Crop Reports PNG/cg1914p2_folder_2\cg1914p2_page_691.png,import,2264,3214,2497,3214,2497,3285,2264,3285
254,../Crop_Reports/Bengal Crop Reports PNG/cg1914p2_folder_2\cg1914p2_page_691.png,or,2553,3204,2679,3204,2679,3289,2553,3289
255,../Crop_Reports/Bengal Crop Reports PNG/cg1914p2_folder_2\cg1914p2_page_691.png,export,2710,3214,2931,3214,2931,3281,2710,3281
256,../Crop_Reports/Bengal Crop Reports PNG/cg1914p2_folder_2\cg1914p2_page_691.png,1s,2983,3204,3065,3204,3065,3289,2983,3289
257,../Crop_Reports/Bengal Crop Reports PNG/cg1914p2_folder_2\cg1914p2_page_691.png,going,3120,3206,3327,3206,3327,3289,3120,3289
258,../Crop_Reports/Bengal Crop Reports PNG/cg1914p2_folder_2\cg1914p2_page_691.png,on.,3380,3224,3479,3224,3479,3289,3380,3289
259,../Crop_Reports/Bengal Crop Reports PNG/cg1914p2_folder_2\cg1914p2_page_691.png,cattle-disease,2039,3281,2511,3284,2511,3347,2039,3344
260,../Crop_Reports/Bengal Crop Reports PNG/cg1914p2_folder_2\cg1914p2_page_691.png,is,2587,3284,2656,3284,2656,3357,2587,3357
261,../Crop_Reports/Bengal Crop Reports PNG/cg1914p2_folder_2\cg1914p2_page_691.png,reported,2697,3285,2986,3287,2986,3359,2697,3357
262,../Crop_Reports/Bengal Crop Reports PNG/cg1914p2_folder_2\cg1914p2_page_691.png,thana.,2042,3364,2251,3364,2251,3421,2042,3421
263,../Crop_Reports/Bengal Crop Reports PNG/cg1914p2_folder_2\cg1914p2_page_691.png,84,1735,3130,1804,3130,1804,3197,1735,3197
264,../Crop_Reports/Bengal Crop Reports PNG/cg1914p2_folder_2\cg1914p2_page_691.png,1,1581,3228,1586,3228,1585,3265,1580,3265
265,../Crop_Reports/Bengal Crop Reports PNG/cg1914p2_folder_2\cg1914p2_page_691.png,from,3064,3278,3225,3278,3225,3341,3064,3341
266,../Crop_Reports/Bengal Crop Reports PNG/cg1914p2_folder_2\cg1914p2_page_691.png,sadar,3282,3278,3481,3278,3481,3343,3282,3343
267,../Crop_Reports/Bengal Crop Reports PNG/cg1914p2_folder_2\cg1914p2_page_691.png,seasonable.,2406,3521,2789,3515,2790,3573,2407,3579
268,../Crop_Reports/Bengal Crop Reports PNG/cg1914p2_folder_2\cg1914p2_page_691.png,cattle-diseuse,2864,3517,3335,3510,3336,3571,2865,3578
269,../Crop_Reports/Bengal Crop Reports PNG/cg1914p2_folder_2\cg1914p2_page_691.png,nabagram,2682,3592,3031,3592,3031,3671,2682,3671
270,../Crop_Reports/Bengal Crop Reports PNG/cg1914p2_folder_2\cg1914p2_page_691.png,(lalbagh),3122,3590,3483,3590,3483,3671,3122,3671
271,../Crop_Reports/Bengal Crop Reports PNG/cg1914p2_folder_2\cg1914p2_page_691.png,sati,2036,3663,2195,3662,2195,3734,2036,3735
272,../Crop_Reports/Bengal Crop Reports PNG/cg1914p2_folder_2\cg1914p2_page_691.png,samserganj,2224,3671,2635,3669,2635,3745,2224,3747
273,../Crop_Reports/Bengal Crop Reports PNG/cg1914p2_folder_2\cg1914p2_page_691.png,mirzapur,2676,3661,2995,3660,2995,3744,2676,3745
274,../Crop_Reports/Bengal Crop Reports PNG/cg1914p2_folder_2\cg1914p2_page_691.png,and,3056,3660,3183,3660,3183,3727,3056,3727
275,../Crop_Reports/Bengal Crop Reports PNG/cg1914p2_folder_2\cg1914p2_page_691.png,raghu-,3232,3659,3507,3658,3507,3738,3232,3739
276,../Crop_Reports/Bengal Crop Reports PNG/cg1914p2_folder_2\cg1914p2_page_691.png,nathganj,2038,3752,2357,3750,2358,3831,2039,3833
277,../Crop_Reports/Bengal Crop Reports PNG/cg1914p2_folder_2\cg1914p2_page_691.png,(jangipar),2396,3741,2783,3738,2784,3828,2397,3831
278,../Crop_Reports/Bengal Crop Reports PNG/cg1914p2_folder_2\cg1914p2_page_691.png,khargram,2832,3738,3181,3736,3182,3826,2833,3828
279,../Crop_Reports/Bengal Crop Reports PNG/cg1914p2_folder_2\cg1914p2_page_691.png,(kandi),3214,3735,3481,3733,3482,3823,3215,3825
280,../Crop_Reports/Bengal Crop Reports PNG/cg1914p2_folder_2\cg1914p2_page_691.png,and,3356,3820,3481,3823,3480,3882,3355,3879
281,../Crop_Reports/Bengal Crop Reports PNG/cg1914p2_folder_2\cg1914p2_page_691.png,suficient.,2516,3894,2847,3896,2847,3963,2516,3961
282,../Crop_Reports/Bengal Crop Reports PNG/cg1914p2_folder_2\cg1914p2_page_691.png,no,2950,3898,3045,3898,3045,3958,2950,3958
283,../Crop_Reports/Bengal Crop Reports PNG/cg1914p2_folder_2\cg1914p2_page_691.png,export,3110,3901,3333,3902,3333,3973,3110,3972
284,../Crop_Reports/Bengal Crop Reports PNG/cg1914p2_folder_2\cg1914p2_page_691.png,or,3408,3916,3481,3916,3481,3958,3408,3958
285,../Crop_Reports/Bengal Crop Reports PNG/cg1914p2_folder_2\cg1914p2_page_691.png,import,2033,3986,2266,3984,2266,4050,2033,4052
286,../Crop_Reports/Bengal Crop Reports PNG/cg1914p2_folder_2\cg1914p2_page_691.png,18,2295,3999,2350,3999,2350,4037,2295,4037
287,../Crop_Reports/Bengal Crop Reports PNG/cg1914p2_folder_2\cg1914p2_page_691.png,reported.,2381,3985,2687,3983,2687,4049,2381,4051
288,../Crop_Reports/Bengal Crop Reports PNG/cg1914p2_folder_2\cg1914p2_page_691.png,jute,2764,3982,2912,3981,2912,4035,2764,4036
289,../Crop_Reports/Bengal Crop Reports PNG/cg1914p2_folder_2\cg1914p2_page_691.png,in,2942,3993,3011,3993,3011,4034,2942,4034
290,../Crop_Reports/Bengal Crop Reports PNG/cg1914p2_folder_2\cg1914p2_page_691.png,some,3056,3992,3226,3991,3226,4033,3056,4034
291,../Crop_Reports/Bengal Crop Reports PNG/cg1914p2_folder_2\cg1914p2_page_691.png,tracts,3281,3980,3481,3979,3481,4035,3281,4036
292,../Crop_Reports/Bengal Crop Reports PNG/cg1914p2_folder_2\cg1914p2_page_691.png,continues,2032,4050,2363,4050,2363,4117,2032,4117
293,../Crop_Reports/Bengal Crop Reports PNG/cg1914p2_folder_2\cg1914p2_page_691.png,to,2398,4050,2471,4050,2471,4113,2398,4113
294,../Crop_Reports/Bengal Crop Reports PNG/cg1914p2_folder_2\cg1914p2_page_691.png,be,2492,4060,2563,4060,2563,4117,2492,4117
295,../Crop_Reports/Bengal Crop Reports PNG/cg1914p2_folder_2\cg1914p2_page_691.png,damaged,2590,4056,2895,4056,2895,4129,2590,4129
296,../Crop_Reports/Bengal Crop Reports PNG/cg1914p2_folder_2\cg1914p2_page_691.png,by,2924,4056,3009,4056,3009,4127,2924,4127
297,../Crop_Reports/Bengal Crop Reports PNG/cg1914p2_folder_2\cg1914p2_page_691.png,insect-pests.,3056,4054,3483,4054,3483,4129,3056,4129
298,../Crop_Reports/Bengal Crop Reports PNG/cg1914p2_folder_2\cg1914p2_page_691.png,condition,2034,4136,2375,4136,2375,4193,2034,4193
299,../Crop_Reports/Bengal Crop Reports PNG/cg1914p2_folder_2\cg1914p2_page_691.png,of,2406,4134,2469,4134,2469,4193,2406,4193
300,../Crop_Reports/Bengal Crop Reports PNG/cg1914p2_folder_2\cg1914p2_page_691.png,other,2496,4134,2679,4134,2679,4191,2496,4191
301,../Crop_Reports/Bengal Crop Reports PNG/cg1914p2_folder_2\cg1914p2_page_691.png,standng,2706,4128,3007,4128,3007,4203,2706,4203
302,../Crop_Reports/Bengal Crop Reports PNG/cg1914p2_folder_2\cg1914p2_page_691.png,crops,3036,4146,3217,4146,3217,4203,3036,4203
303,../Crop_Reports/Bengal Crop Reports PNG/cg1914p2_folder_2\cg1914p2_page_691.png,is,3250,4132,3305,4132,3305,4187,3250,4187
304,../Crop_Reports/Bengal Crop Reports PNG/cg1914p2_folder_2\cg1914p2_page_691.png,fair.,3330,4128,3481,4128,3481,4187,3330,4187
305,../Crop_Reports/Bengal Crop Reports PNG/cg1914p2_folder_2\cg1914p2_page_691.png,3,366,3528,451,3527,452,3596,367,3597
306,../Crop_Reports/Bengal Crop Reports PNG/cg1914p2_folder_2\cg1914p2_page_691.png,murshida,474,3526,825,3523,826,3585,475,3588
307,../Crop_Reports/Bengal Crop Reports PNG/cg1914p2_folder_2\cg1914p2_page_691.png,ba,838,3537,915,3536,915,3581,838,3582
308,../Crop_Reports/Bengal Crop Reports PNG/cg1914p2_folder_2\cg1914p2_page_691.png,1),928,3537,965,3537,965,3580,928,3580
309,../Crop_Reports/Bengal Crop Reports PNG/cg1914p2_folder_2\cg1914p2_page_691.png,2,1092,3516,1139,3516,1140,3591,1093,3591
310,../Crop_Reports/Bengal Crop Reports PNG/cg1914p2_folder_2\cg1914p2_page_691.png,24,1126,3523,1197,3522,1197,3581,1126,3582
311,../Crop_Reports/Bengal Crop Reports PNG/cg1914p2_folder_2\cg1914p2_page_691.png,8,1429,3522,1461,3521,1462,3576,1430,3577
312,../Crop_Reports/Bengal Crop Reports PNG/cg1914p2_folder_2\cg1914p2_page_691.png,wcather,1996,3516,2291,3519,2290,3578,1995,3575
313,../Crop_Reports/Bengal Crop Reports PNG/cg1914p2_folder_2\cg1914p2_page_691.png,is,3428,3516,3491,3516,3491,3571,3428,3571
314,../Crop_Reports/Bengal Crop Reports PNG/cg1914p2_folder_2\cg1914p2_page_691.png,reported,2040,3599,2323,3595,2324,3663,2041,3667
315,../Crop_Reports/Bengal Crop Reports PNG/cg1914p2_folder_2\cg1914p2_page_691.png,from,2416,3594,2571,3592,2572,3651,2417,3653
316,../Crop_Reports/Bengal Crop Reports PNG/cg1914p2_folder_2\cg1914p2_page_691.png,lalbagh,476,3678,755,3680,754,3764,475,3762
317,../Crop_Reports/Bengal Crop Reports PNG/cg1914p2_folder_2\cg1914p2_page_691.png,jangipnr,472,3748,787,3750,786,3837,471,3835
318,../Crop_Reports/Bengal Crop Reports PNG/cg1914p2_folder_2\cg1914p2_page_691.png,kandi,480,3826,689,3827,689,3893,480,3892
319,../Crop_Reports/Bengal Crop Reports PNG/cg1914p2_folder_2\cg1914p2_page_691.png,5,1095,3670,1139,3670,1139,3741,1095,3741
320,../Crop_Reports/Bengal Crop Reports PNG/cg1914p2_folder_2\cg1914p2_page_691.png,30,1126,3678,1197,3678,1197,3735,1126,3735
321,../Crop_Reports/Bengal Crop Reports PNG/cg1914p2_folder_2\cg1914p2_page_691.png,5:25,1069,3756,1195,3756,1195,3814,1069,3814
322,../Crop_Reports/Bengal Crop Reports PNG/cg1914p2_folder_2\cg1914p2_page_691.png,7:30,1072,3834,1195,3834,1195,3891,1072,3891
323,../Crop_Reports/Bengal Crop Reports PNG/cg1914p2_folder_2\cg1914p2_page_691.png,and,2036,3828,2159,3829,2158,3884,2035,3883
324,../Crop_Reports/Bengal Crop Reports PNG/cg1914p2_folder_2\cg1914p2_page_691.png,daultabad,2196,3814,2563,3817,2562,3888,2195,3885
325,../Crop_Reports/Bengal Crop Reports PNG/cg1914p2_folder_2\cg1914p2_page_691.png,(sadar).,2616,3817,2907,3820,2906,3900,2615,3897
326,../Crop_Reports/Bengal Crop Reports PNG/cg1914p2_folder_2\cg1914p2_page_691.png,fodder,3012,3814,3255,3814,3255,3881,3012,3881
327,../Crop_Reports/Bengal Crop Reports PNG/cg1914p2_folder_2\cg1914p2_page_691.png,water,2037,3909,2231,3911,2231,3963,2037,3961
328,../Crop_Reports/Bengal Crop Reports PNG/cg1914p2_folder_2\cg1914p2_page_691.png,are,2322,3920,2421,3920,2421,3961,2322,3961
329,../Crop_Reports/Bengal Crop Reports PNG/cg1914p2_folder_2\cg1914p2_page_691.png,weather,1988,4368,2287,4367,2287,4426,1988,4427
330,../Crop_Reports/Bengal Crop Reports PNG/cg1914p2_folder_2\cg1914p2_page_691.png,seusonable.,2376,4362,2759,4360,2759,4424,2376,4426
331,../Crop_Reports/Bengal Crop Reports PNG/cg1914p2_folder_2\cg1914p2_page_691.png,jute,2856,4351,3103,4350,3103,4430,2856,4431
332,../Crop_Reports/Bengal Crop Reports PNG/cg1914p2_folder_2\cg1914p2_page_691.png,pests,3100,4366,3271,4365,3271,4429,3100,4430
333,../Crop_Reports/Bengal Crop Reports PNG/cg1914p2_folder_2\cg1914p2_page_691.png,have,3316,4358,3487,4357,3487,4420,3316,4421
334,../Crop_Reports/Bengal Crop Reports PNG/cg1914p2_folder_2\cg1914p2_page_691.png,disappoared,2032,4444,2439,4441,2440,4512,2033,4515
335,../Crop_Reports/Bengal Crop Reports PNG/cg1914p2_folder_2\cg1914p2_page_691.png,from,2500,4440,2655,4439,2655,4498,2500,4499
336,../Crop_Reports/Bengal Crop Reports PNG/cg1914p2_folder_2\cg1914p2_page_691.png,bangaou,2688,4430,2987,4428,2988,4512,2689,4514
337,../Crop_Reports/Bengal Crop Reports PNG/cg1914p2_folder_2\cg1914p2_page_691.png,subdivision.,3040,4427,3479,4423,3480,4499,3041,4503
338,../Crop_Reports/Bengal Crop Reports PNG/cg1914p2_folder_2\cg1914p2_page_691.png,harvesting,2032,4512,2423,4511,2423,4594,2032,4595
339,../Crop_Reports/Bengal Crop Reports PNG/cg1914p2_folder_2\cg1914p2_page_691.png,of,2516,4518,2579,4518,2579,4577,2516,4577
340,../Crop_Reports/Bengal Crop Reports PNG/cg1914p2_folder_2\cg1914p2_page_691.png,on,2042,4597,2132,4597,2132,4669,2042,4669
341,../Crop_Reports/Bengal Crop Reports PNG/cg1914p2_folder_2\cg1914p2_page_691.png,:,2149,4596,2205,4596,2205,4668,2149,4668
342,../Crop_Reports/Bengal Crop Reports PNG/cg1914p2_folder_2\cg1914p2_page_691.png,outturn,2190,4603,2450,4602,2450,4652,2190,4653
343,../Crop_Reports/Bengal Crop Reports PNG/cg1914p2_folder_2\cg1914p2_page_691.png,is,2486,4596,2534,4596,2534,4651,2486,4651
344,../Crop_Reports/Bengal Crop Reports PNG/cg1914p2_folder_2\cg1914p2_page_691.png,fair.,2562,4596,2703,4595,2703,4651,2562,4652
345,../Crop_Reports/Bengal Crop Reports PNG/cg1914p2_folder_2\cg1914p2_page_691.png,transplantation,2781,4593,3341,4590,3341,4663,2781,4666
346,../Crop_Reports/Bengal Crop Reports PNG/cg1914p2_folder_2\cg1914p2_page_691.png,of,3407,4590,3471,4590,3471,4651,3407,4651
347,../Crop_Reports/Bengal Crop Reports PNG/cg1914p2_folder_2\cg1914p2_page_691.png,winter,2032,4680,2261,4679,2261,4732,2032,4733
348,../Crop_Reports/Bengal Crop Reports PNG/cg1914p2_folder_2\cg1914p2_page_691.png,the,2030,4752,2137,4753,2137,4810,2030,4809
349,../Crop_Reports/Bengal Crop Reports PNG/cg1914p2_folder_2\cg1914p2_page_691.png,district.,2178,4751,2451,4753,2451,4808,2178,4806
350,../Crop_Reports/Bengal Crop Reports PNG/cg1914p2_folder_2\cg1914p2_page_691.png,price,2528,4750,2705,4751,2705,4808,2528,4807
351,../Crop_Reports/Bengal Crop Reports PNG/cg1914p2_folder_2\cg1914p2_page_691.png,of,2734,4743,2797,4743,2797,4806,2734,4806
352,../Crop_Reports/Bengal Crop Reports PNG/cg1914p2_folder_2\cg1914p2_page_691.png,rice,2828,4743,2951,4744,2951,4808,2828,4807
353,../Crop_Reports/Bengal Crop Reports PNG/cg1914p2_folder_2\cg1914p2_page_691.png,is,2978,4745,3075,4746,3074,4821,2977,4820
354,../Crop_Reports/Bengal Crop Reports PNG/cg1914p2_folder_2\cg1914p2_page_691.png,stationary.,3062,4747,3437,4750,3436,4824,3061,4821
355,../Crop_Reports/Bengal Crop Reports PNG/cg1914p2_folder_2\cg1914p2_page_691.png,j,466,4376,495,4376,494,4433,465,4433
356,../Crop_Reports/Bengal Crop Reports PNG/cg1914p2_folder_2\cg1914p2_page_691.png,enburk,508,4385,745,4388,744,4437,507,4434
357,../Crop_Reports/Bengal Crop Reports PNG/cg1914p2_folder_2\cg1914p2_page_691.png,3.14,1060,4374,1185,4374,1185,4431,1060,4431
358,../Crop_Reports/Bengal Crop Reports PNG/cg1914p2_folder_2\cg1914p2_page_691.png,..,889,4416,925,4416,925,4431,889,4431
359,../Crop_Reports/Bengal Crop Reports PNG/cg1914p2_folder_2\cg1914p2_page_691.png,aus,2665,4510,2835,4510,2835,4595,2665,4595
360,../Crop_Reports/Bengal Crop Reports PNG/cg1914p2_folder_2\cg1914p2_page_691.png,and,2872,4516,2993,4516,2993,4575,2872,4575
361,../Crop_Reports/Bengal Crop Reports PNG/cg1914p2_folder_2\cg1914p2_page_691.png,jute,3022,4518,3153,4518,3153,4595,3022,4595
362,../Crop_Reports/Bengal Crop Reports PNG/cg1914p2_folder_2\cg1914p2_page_691.png,is,3183,4510,3293,4510,3293,4595,3183,4595
363,../Crop_Reports/Bengal Crop Reports PNG/cg1914p2_folder_2\cg1914p2_page_691.png,going,3278,4514,3483,4514,3483,4591,3278,4591
364,../Crop_Reports/Bengal Crop Reports PNG/cg1914p2_folder_2\cg1914p2_page_691.png,.|,866,4531,1069,4521,1073,4600,870,4610
365,../Crop_Reports/Bengal Crop Reports PNG/cg1914p2_folder_2\cg1914p2_page_691.png,191,1058,4528,1178,4522,1181,4584,1061,4590
366,../Crop_Reports/Bengal Crop Reports PNG/cg1914p2_folder_2\cg1914p2_page_691.png,114,1059,4605,1182,4604,1183,4661,1060,4662
367,../Crop_Reports/Bengal Crop Reports PNG/cg1914p2_folder_2\cg1914p2_page_691.png,155,1056,4679,1178,4679,1178,4741,1056,4741
368,../Crop_Reports/Bengal Crop Reports PNG/cg1914p2_folder_2\cg1914p2_page_691.png,2,1068,4751,1107,4752,1105,4825,1066,4824
369,../Crop_Reports/Bengal Crop Reports PNG/cg1914p2_folder_2\cg1914p2_page_691.png,41,1112,4758,1179,4760,1177,4817,1110,4815
370,../Crop_Reports/Bengal Crop Reports PNG/cg1914p2_folder_2\cg1914p2_page_691.png,8,1420,4526,1453,4526,1453,4585,1420,4585
371,../Crop_Reports/Bengal Crop Reports PNG/cg1914p2_folder_2\cg1914p2_page_691.png,7,1724,4520,1755,4520,1755,4579,1724,4579
372,../Crop_Reports/Bengal Crop Reports PNG/cg1914p2_folder_2\cg1914p2_page_691.png,jhenidah,464,4528,783,4528,783,4591,464,4591
373,../Crop_Reports/Bengal Crop Reports PNG/cg1914p2_folder_2\cg1914p2_page_691.png,magura,464,4607,721,4606,721,4686,464,4687
374,../Crop_Reports/Bengal Crop Reports PNG/cg1914p2_folder_2\cg1914p2_page_691.png,narail,465,4677,679,4677,679,4741,465,4741
375,../Crop_Reports/Bengal Crop Reports PNG/cg1914p2_folder_2\cg1914p2_page_691.png,bangaon,466,4757,759,4768,756,4835,464,4824
376,../Crop_Reports/Bengal Crop Reports PNG/cg1914p2_folder_2\cg1914p2_page_691.png,rice,2323,4676,2491,4675,2491,4750,2323,4751
377,../Crop_Reports/Bengal Crop Reports PNG/cg1914p2_folder_2\cg1914p2_page_691.png,is,2495,4675,2595,4674,2595,4749,2495,4750
378,../Crop_Reports/Bengal Crop Reports PNG/cg1914p2_folder_2\cg1914p2_page_691.png,in,2616,4674,2683,4674,2683,4731,2616,4731
379,../Crop_Reports/Bengal Crop Reports PNG/cg1914p2_folder_2\cg1914p2_page_691.png,progress,2736,4688,3029,4686,3029,4749,2736,4751
380,../Crop_Reports/Bengal Crop Reports PNG/cg1914p2_folder_2\cg1914p2_page_691.png,throughout.,3080,4672,3481,4670,3481,4747,3080,4749
381,../Crop_Reports/Bengal Crop Reports PNG/cg1914p2_folder_2\cg1914p2_page_691.png,78,1417,4757,1484,4759,1482,4825,1415,4823
382,../Crop_Reports/Bengal Crop Reports PNG/cg1914p2_folder_2\cg1914p2_page_691.png,78,1720,4752,1787,4752,1787,4823,1720,4823
383,../Crop_Reports/Bengal Crop Reports PNG/cg1914p2_folder_2\cg1914p2_page_691.png,8,1719,5026,1753,5026,1753,5081,1719,5081
384,../Crop_Reports/Bengal Crop Reports PNG/cg1914p2_folder_2\cg1914p2_page_691.png,{,1292,5030,1315,5030,1315,5173,1292,5173
385,../Crop_Reports/Bengal Crop Reports PNG/cg1914p2_folder_2\cg1914p2_page_691.png,},1888,5028,1915,5028,1916,5171,1889,5171
386,../Crop_Reports/Bengal Crop Reports PNG/cg1914p2_folder_2\cg1914p2_page_691.png,|,1938,5057,1996,5057,1996,5130,1938,5130
387,../Crop_Reports/Bengal Crop Reports PNG/cg1914p2_folder_2\cg1914p2_page_691.png,weather,1977,5058,2278,5057,2278,5118,1977,5119
388,../Crop_Reports/Bengal Crop Reports PNG/cg1914p2_folder_2\cg1914p2_page_691.png,seasonable,2327,5059,2708,5057,2708,5115,2327,5117
389,../Crop_Reports/Bengal Crop Reports PNG/cg1914p2_folder_2\cg1914p2_page_691.png,transplantation,2814,5053,3365,5051,3365,5125,2814,5127
390,../Crop_Reports/Bengal Crop Reports PNG/cg1914p2_folder_2\cg1914p2_page_691.png,of,3406,5050,3476,5050,3476,5124,3406,5124
391,../Crop_Reports/Bengal Crop Reports PNG/cg1914p2_folder_2\cg1914p2_page_691.png,winter,2030,5140,2257,5140,2257,5191,2030,5191
392,../Crop_Reports/Bengal Crop Reports PNG/cg1914p2_folder_2\cg1914p2_page_691.png,paddy,2322,5134,2533,5134,2533,5209,2322,5209
393,../Crop_Reports/Bengal Crop Reports PNG/cg1914p2_folder_2\cg1914p2_page_691.png,and,2578,5134,2699,5134,2699,5191,2578,5191
394,../Crop_Reports/Bengal Crop Reports PNG/cg1914p2_folder_2\cg1914p2_page_691.png,harvesting,2794,5128,3165,5128,3165,5209,2794,5209
395,../Crop_Reports/Bengal Crop Reports PNG/cg1914p2_folder_2\cg1914p2_page_691.png,of,3214,5128,3281,5128,3281,5189,3214,5189
396,../Crop_Reports/Bengal Crop Reports PNG/cg1914p2_folder_2\cg1914p2_page_691.png,jute,3332,5132,3479,5132,3479,5205,3332,5205
397,../Crop_Reports/Bengal Crop Reports PNG/cg1914p2_folder_2\cg1914p2_page_691.png,and,2026,5212,2147,5212,2147,5269,2026,5269
398,../Crop_Reports/Bengal Crop Reports PNG/cg1914p2_folder_2\cg1914p2_page_691.png,aus,2174,5227,2301,5227,2301,5272,2174,5272
399,../Crop_Reports/Bengal Crop Reports PNG/cg1914p2_folder_2\cg1914p2_page_691.png,paddy,2330,5208,2541,5207,2541,5283,2330,5284
400,../Crop_Reports/Bengal Crop Reports PNG/cg1914p2_folder_2\cg1914p2_page_691.png,continuo.,2568,5216,2891,5215,2891,5266,2568,5267
401,../Crop_Reports/Bengal Crop Reports PNG/cg1914p2_folder_2\cg1914p2_page_691.png,the,2968,5207,3099,5207,3099,5266,2968,5266
402,../Crop_Reports/Bengal Crop Reports PNG/cg1914p2_folder_2\cg1914p2_page_691.png,prospects,3136,5205,3471,5204,3471,5280,3136,5281
403,../Crop_Reports/Bengal Crop Reports PNG/cg1914p2_folder_2\cg1914p2_page_691.png,of,2017,5286,2121,5285,2122,5360,2018,5361
404,../Crop_Reports/Bengal Crop Reports PNG/cg1914p2_folder_2\cg1914p2_page_691.png,jute,2123,5285,2251,5284,2252,5360,2124,5361
405,../Crop_Reports/Bengal Crop Reports PNG/cg1914p2_folder_2\cg1914p2_page_691.png,and,2290,5284,2415,5283,2415,5348,2290,5349
406,../Crop_Reports/Bengal Crop Reports PNG/cg1914p2_folder_2\cg1914p2_page_691.png,broad-cast,2446,5282,2799,5279,2799,5345,2446,5348
407,../Crop_Reports/Bengal Crop Reports PNG/cg1914p2_folder_2\cg1914p2_page_691.png,aman,2852,5301,3057,5300,3057,5346,2852,5347
408,../Crop_Reports/Bengal Crop Reports PNG/cg1914p2_folder_2\cg1914p2_page_691.png,paddy,3084,5278,3295,5276,3296,5354,3085,5356
409,../Crop_Reports/Bengal Crop Reports PNG/cg1914p2_folder_2\cg1914p2_page_691.png,and,3346,5280,3471,5279,3471,5341,3346,5342
410,../Crop_Reports/Bengal Crop Reports PNG/cg1914p2_folder_2\cg1914p2_page_691.png,autumn,2022,5366,2289,5364,2290,5427,2023,5429
411,../Crop_Reports/Bengal Crop Reports PNG/cg1914p2_folder_2\cg1914p2_page_691.png,rice,2318,5369,2445,5368,2445,5426,2318,5427
412,../Crop_Reports/Bengal Crop Reports PNG/cg1914p2_folder_2\cg1914p2_page_691.png,are,2474,5384,2577,5383,2577,5427,2474,5428
413,../Crop_Reports/Bengal Crop Reports PNG/cg1914p2_folder_2\cg1914p2_page_691.png,good.,2642,5364,2823,5363,2824,5435,2643,5436
414,../Crop_Reports/Bengal Crop Reports PNG/cg1914p2_folder_2\cg1914p2_page_691.png,cattle-disease,2888,5358,3361,5354,3362,5422,2889,5426
415,../Crop_Reports/Bengal Crop Reports PNG/cg1914p2_folder_2\cg1914p2_page_691.png,is,3416,5362,3475,5362,3475,5422,3416,5422
416,../Crop_Reports/Bengal Crop Reports PNG/cg1914p2_folder_2\cg1914p2_page_691.png,reported,2022,5448,2313,5447,2313,5516,2022,5517
417,../Crop_Reports/Bengal Crop Reports PNG/cg1914p2_folder_2\cg1914p2_page_691.png,morrelganj,2022,5521,2425,5516,2426,5596,2023,5601
418,../Crop_Reports/Bengal Crop Reports PNG/cg1914p2_folder_2\cg1914p2_page_691.png,rampal,2486,5519,2771,5515,2772,5591,2487,5595
419,../Crop_Reports/Bengal Crop Reports PNG/cg1914p2_folder_2\cg1914p2_page_691.png,sarankhola,2860,5506,3251,5501,3252,5571,2861,5576
420,../Crop_Reports/Bengal Crop Reports PNG/cg1914p2_folder_2\cg1914p2_page_691.png,and,3342,5500,3467,5498,3468,5574,3343,5576
421,../Crop_Reports/Bengal Crop Reports PNG/cg1914p2_folder_2\cg1914p2_page_691.png,kachua.,2022,5585,2301,5585,2301,5652,2022,5652
422,../Crop_Reports/Bengal Crop Reports PNG/cg1914p2_folder_2\cg1914p2_page_691.png,fodder,2377,5585,2626,5585,2626,5651,2377,5651
423,../Crop_Reports/Bengal Crop Reports PNG/cg1914p2_folder_2\cg1914p2_page_691.png,and,2646,5585,2812,5585,2812,5649,2646,5649
424,../Crop_Reports/Bengal Crop Reports PNG/cg1914p2_folder_2\cg1914p2_page_691.png,water,2861,5597,3055,5597,3055,5646,2861,5646
425,../Crop_Reports/Bengal Crop Reports PNG/cg1914p2_folder_2\cg1914p2_page_691.png,are,3129,5606,3232,5606,3232,5647,3129,5647
426,../Crop_Reports/Bengal Crop Reports PNG/cg1914p2_folder_2\cg1914p2_page_691.png,suffi-,3297,5591,3467,5591,3467,5649,3297,5649
427,../Crop_Reports/Bengal Crop Reports PNG/cg1914p2_folder_2\cg1914p2_page_691.png,5,360,5072,395,5072,395,5127,360,5127
428,../Crop_Reports/Bengal Crop Reports PNG/cg1914p2_folder_2\cg1914p2_page_691.png,khulna,434,5064,749,5064,749,5133,434,5133
429,../Crop_Reports/Bengal Crop Reports PNG/cg1914p2_folder_2\cg1914p2_page_691.png,1,1095,5063,1133,5062,1134,5133,1096,5134
430,../Crop_Reports/Bengal Crop Reports PNG/cg1914p2_folder_2\cg1914p2_page_691.png,86,1135,5062,1181,5061,1182,5132,1136,5133
431,../Crop_Reports/Bengal Crop Reports PNG/cg1914p2_folder_2\cg1914p2_page_691.png,94,1416,5106,1481,5107,1480,5171,1415,5170
432,../Crop_Reports/Bengal Crop Reports PNG/cg1914p2_folder_2\cg1914p2_page_691.png,satkhru,468,5294,761,5294,761,5355,468,5355
433,../Crop_Reports/Bengal Crop Reports PNG/cg1914p2_folder_2\cg1914p2_page_691.png,206,1055,5295,1178,5295,1178,5357,1055,5357
434,../Crop_Reports/Bengal Crop Reports PNG/cg1914p2_folder_2\cg1914p2_page_691.png,8,1720,5298,1751,5298,1752,5351,1721,5351
435,../Crop_Reports/Bengal Crop Reports PNG/cg1914p2_folder_2\cg1914p2_page_691.png,1,1258,5370,1262,5370,1263,5393,1259,5393
436,../Crop_Reports/Bengal Crop Reports PNG/cg1914p2_folder_2\cg1914p2_page_691.png,bagerhat,470,5448,779,5448,779,5519,470,5519
437,../Crop_Reports/Bengal Crop Reports PNG/cg1914p2_folder_2\cg1914p2_page_691.png,5,1054,5454,1087,5454,1087,5507,1054,5507
438,../Crop_Reports/Bengal Crop Reports PNG/cg1914p2_folder_2\cg1914p2_page_691.png,79,1114,5452,1179,5452,1179,5507,1114,5507
439,../Crop_Reports/Bengal Crop Reports PNG/cg1914p2_folder_2\cg1914p2_page_691.png,8,1414,5456,1445,5456,1445,5505,1414,5505
440,../Crop_Reports/Bengal Crop Reports PNG/cg1914p2_folder_2\cg1914p2_page_691.png,from,2442,5444,2603,5455,2599,5510,2438,5499
441,../Crop_Reports/Bengal Crop Reports PNG/cg1914p2_folder_2\cg1914p2_page_691.png,thanas,2721,5441,2943,5442,2943,5500,2721,5499
442,../Crop_Reports/Bengal Crop Reports PNG/cg1914p2_folder_2\cg1914p2_page_691.png,paikgach,3048,5436,3359,5434,3360,5513,3049,5515
443,../Crop_Reports/Bengal Crop Reports PNG/cg1914p2_folder_2\cg1914p2_page_691.png,ha,3372,5437,3467,5436,3467,5508,3372,5509
444,../Crop_Reports/Bengal Crop Reports PNG/cg1914p2_folder_2\cg1914p2_page_691.png,1,1936,5692,1941,5692,1941,5719,1936,5719
445,../Crop_Reports/Bengal Crop Reports PNG/cg1914p2_folder_2\cg1914p2_page_691.png,cient.,2022,5685,2211,5683,2211,5731,2022,5733
446,../Crop_Reports/Bengal Crop Reports PNG/cg1914p2_folder_2\cg1914p2_page_691.png,sorx,370,5897,486,5896,486,5935,370,5936
447,../Crop_Reports/Bengal Crop Reports PNG/cg1914p2_folder_2\cg1914p2_page_691.png,-for,504,5894,622,5893,622,5935,504,5936
448,../Crop_Reports/Bengal Crop Reports PNG/cg1914p2_folder_2\cg1914p2_page_691.png,subdivisional,655,5890,943,5888,943,5933,655,5935
449,../Crop_Reports/Bengal Crop Reports PNG/cg1914p2_folder_2\cg1914p2_page_691.png,station:,970,5897,1148,5896,1148,5935,970,5936
450,../Crop_Reports/Bengal Crop Reports PNG/cg1914p2_folder_2\cg1914p2_page_691.png,igures,1185,5882,1329,5881,1329,5933,1185,5934
451,../Crop_Reports/Bengal Crop Reports PNG/cg1914p2_folder_2\cg1914p2_page_691.png,of,1345,5880,1386,5880,1386,5918,1345,5918
452,../Crop_Reports/Bengal Crop Reports PNG/cg1914p2_folder_2\cg1914p2_page_691.png,rainfall,1405,5879,1564,5878,1564,5932,1405,5933
453,../Crop_Reports/Bengal Crop Reports PNG/cg1914p2_folder_2\cg1914p2_page_691.png,and,1600,5878,1678,5877,1678,5930,1600,5931
454,../Crop_Reports/Bengal Crop Reports PNG/cg1914p2_folder_2\cg1914p2_page_691.png,prices,1681,5877,1831,5876,1831,5930,1681,5931
455,../Crop_Reports/Bengal Crop Reports PNG/cg1914p2_folder_2\cg1914p2_page_691.png,reiate,1841,5876,1964,5875,1964,5929,1841,5930
456,../Crop_Reports/Bengal Crop Reports PNG/cg1914p2_folder_2\cg1914p2_page_691.png,to,1980,5881,2025,5881,2025,5928,1980,5928
457,../Crop_Reports/Bengal Crop Reports PNG/cg1914p2_folder_2\cg1914p2_page_691.png,the,2040,5874,2109,5873,2109,5927,2040,5928
458,../Crop_Reports/Bengal Crop Reports PNG/cg1914p2_folder_2\cg1914p2_page_691.png,weak,2131,5874,2245,5873,2245,5912,2131,5913
459,../Crop_Reports/Bengal Crop Reports PNG/cg1914p2_folder_2\cg1914p2_page_691.png,ending,2253,5873,2407,5872,2407,5925,2253,5926
460,../Crop_Reports/Bengal Crop Reports PNG/cg1914p2_folder_2\cg1914p2_page_691.png,on,2418,5879,2470,5879,2470,5912,2418,5912
461,../Crop_Reports/Bengal Crop Reports PNG/cg1914p2_folder_2\cg1914p2_page_691.png,the,2482,5871,2555,5870,2555,5923,2482,5924
462,../Crop_Reports/Bengal Crop Reports PNG/cg1914p2_folder_2\cg1914p2_page_691.png,provous,2570,5877,2759,5875,2759,5922,2570,5924
463,../Crop_Reports/Bengal Crop Reports PNG/cg1914p2_folder_2\cg1914p2_page_691.png,batarday,2771,5868,2970,5866,2970,5920,2771,5922
464,../Crop_Reports/Bengal Crop Reports PNG/cg1914p2_folder_2\cg1914p2_page_691.png,the,3030,5866,3115,5865,3115,5919,3030,5920
465,../Crop_Reports/Bengal Crop Reports PNG/cg1914p2_folder_2\cg1914p2_page_691.png,prices,3123,5879,3256,5878,3256,5919,3123,5920
466,../Crop_Reports/Bengal Crop Reports PNG/cg1914p2_folder_2\cg1914p2_page_691.png,reportad,3286,5870,3471,5869,3471,5917,3286,5918
467,../Crop_Reports/Bengal Crop Reports PNG/cg1914p2_folder_2\cg1914p2_page_691.png,trom,272,5941,373,5940,373,5986,272,5987
468,../Crop_Reports/Bengal Crop Reports PNG/cg1914p2_folder_2\cg1914p2_page_691.png,noakhui,396,5944,591,5942,591,5988,396,5990
469,../Crop_Reports/Bengal Crop Reports PNG/cg1914p2_folder_2\cg1914p2_page_691.png,are,602,5936,669,5935,669,5985,602,5986
470,../Crop_Reports/Bengal Crop Reports PNG/cg1914p2_folder_2\cg1914p2_page_691.png,thoe,686,5942,799,5941,799,5986,686,5987
471,../Crop_Reports/Bengal Crop Reports PNG/cg1914p2_folder_2\cg1914p2_page_691.png,provailiag,816,5940,1037,5938,1037,5984,816,5986
472,../Crop_Reports/Bengal Crop Reports PNG/cg1914p2_folder_2\cg1914p2_page_691.png,on,1055,5932,1111,5931,1111,5982,1055,5983
473,../Crop_Reports/Bengal Crop Reports PNG/cg1914p2_folder_2\cg1914p2_page_691.png,the,1120,5935,1189,5934,1189,5972,1120,5973
474,../Crop_Reports/Bengal Crop Reports PNG/cg1914p2_folder_2\cg1914p2_page_691.png,prevoun,1208,5930,1387,5928,1387,5980,1209,5982
475,../Crop_Reports/Bengal Crop Reports PNG/cg1914p2_folder_2\cg1914p2_page_691.png,baturday,1404,5928,1605,5926,1605,5976,1404,5978
476,../Crop_Reports/Bengal Crop Reports PNG/cg1914p2_folder_2\cg1914p2_page_691.png,from,1666,5926,1779,5925,1779,5965,1666,5966
477,../Crop_Reports/Bengal Crop Reports PNG/cg1914p2_folder_2\cg1914p2_page_691.png,all,1796,5925,1851,5924,1851,5963,1796,5964
478,../Crop_Reports/Bengal Crop Reports PNG/cg1914p2_folder_2\cg1914p2_page_691.png,other,1868,5924,1981,5923,1981,5965,1868,5966
479,../Crop_Reports/Bengal Crop Reports PNG/cg1914p2_folder_2\cg1914p2_page_691.png,band-quartars,1998,5923,2295,5920,2295,5970,1998,5973
480,../Crop_Reports/Bengal Crop Reports PNG/cg1914p2_folder_2\cg1914p2_page_691.png,stations,2308,5920,2497,5918,2497,5968,2308,5970
481,../Crop_Reports/Bengal Crop Reports PNG/cg1914p2_folder_2\cg1914p2_page_691.png,igur,2512,5918,2657,5917,2657,5969,2513,5970
482,../Crop_Reports/Bengal Crop Reports PNG/cg1914p2_folder_2\cg1914p2_page_691.png,for,2670,5918,2735,5917,2735,5961,2670,5962
483,../Crop_Reports/Bengal Crop Reports PNG/cg1914p2_folder_2\cg1914p2_page_691.png,prioes,2752,5927,2880,5926,2880,5966,2752,5967
484,../Crop_Reports/Bengal Crop Reports PNG/cg1914p2_folder_2\cg1914p2_page_691.png,and,2894,5914,2973,5913,2973,5957,2894,5958
485,../Crop_Reports/Bengal Crop Reports PNG/cg1914p2_folder_2\cg1914p2_page_691.png,rainfali,2990,5913,3149,5911,3149,5961,2990,5963
486,../Crop_Reports/Bengal Crop Reports PNG/cg1914p2_folder_2\cg1914p2_page_691.png,relate,3184,5911,3305,5910,3305,5962,3185,5963
487,../Crop_Reports/Bengal Crop Reports PNG/cg1914p2_folder_2\cg1914p2_page_691.png,to,3333,5910,3383,5910,3383,5961,3333,5961
488,../Crop_Reports/Bengal Crop Reports PNG/cg1914p2_folder_2\cg1914p2_page_691.png,the,3395,5909,3461,5908,3462,5960,3396,5961
489,../Crop_Reports/Bengal Crop Reports PNG/cg1914p2_folder_2\cg1914p2_page_691.png,weck,278,5994,383,5994,383,6039,278,6039
490,../Crop_Reports/Bengal Crop Reports PNG/cg1914p2_folder_2\cg1914p2_page_691.png,enaing,402,5990,547,5990,547,6035,402,6035
491,../Crop_Reports/Bengal Crop Reports PNG/cg1914p2_folder_2\cg1914p2_page_691.png,on,562,6002,611,6002,611,6033,562,6033
492,../Crop_Reports/Bengal Crop Reports PNG/cg1914p2_folder_2\cg1914p2_page_691.png,monday,632,5990,797,5990,797,6039,632,6039
493,../Crop_Reports/Bengal Crop Reports PNG/cg1914p2_folder_2\cg1914p2_page_691.png,*,1627,6018,1667,6018,1667,6073,1627,6073
494,../Crop_Reports/Bengal Crop Reports PNG/cg1914p2_folder_2\cg1914p2_page_691.png,rangoon,1669,6018,1851,6019,1851,6075,1669,6074
495,../Crop_Reports/Bengal Crop Reports PNG/cg1914p2_folder_2\cg1914p2_page_691.png,rice,1856,6031,1933,6031,1933,6062,1856,6062
496,../Crop_Reports/Bengal Crop Reports PNG/cg1914p2_folder_2\cg1914p2_page_691.png,6,1776,2916,1776,2972,1734,2972,1734,2916
497,../Crop_Reports/Bengal Crop Reports PNG/cg1914p2_folder_2\cg1914p2_page_691.png,0,1770,3652,1770,3774,1728,3774,1728,3652
498,../Crop_Reports/Bengal Crop Reports PNG/cg1914p2_folder_2\cg1914p2_page_691.png,0,1766,3751,1766,3808,1731,3808,1731,3751
499,../Crop_Reports/Bengal Crop Reports PNG/cg1914p2_folder_2\cg1914p2_page_691.png,c.,1765,3828,1765,3885,1732,3885,1732,3828
500,../Crop_Reports/Bengal Crop Reports PNG/cg1914p2_folder_2\cg1914p2_page_691.png,:,937,3763,938,3868,862,3869,861,3764
501,../Crop_Reports/Bengal Crop Reports PNG/cg1914p2_folder_2\cg1914p2_page_691.png,:,931,3875,931,3891,869,3892,869,3876
0,../Crop_Reports/Bengal Crop Reports PNG/cg1914p2_folder_2\cg1914p2_page_692.png,supplement,720,280,1283,286,1282,366,719,360
1,../Crop_Reports/Bengal Crop Reports PNG/cg1914p2_folder_2\cg1914p2_page_692.png,to,1320,294,1427,295,1426,362,1319,361
2,../Crop_Reports/Bengal Crop Reports PNG/cg1914p2_folder_2\cg1914p2_page_692.png,the,1464,291,1643,293,1642,360,1463,358
3,../Crop_Reports/Bengal Crop Reports PNG/cg1914p2_folder_2\cg1914p2_page_692.png,oalcutta,1684,293,2111,297,2110,365,1683,361
4,../Crop_Reports/Bengal Crop Reports PNG/cg1914p2_folder_2\cg1914p2_page_692.png,gazett,2163,294,2579,298,2578,378,2162,374
5,../Crop_Reports/Bengal Crop Reports PNG/cg1914p2_folder_2\cg1914p2_page_692.png,aug.,2596,306,2791,308,2790,376,2595,374
6,../Crop_Reports/Bengal Crop Reports PNG/cg1914p2_folder_2\cg1914p2_page_692.png,12;,2828,305,2923,306,2922,381,2827,380
7,../Crop_Reports/Bengal Crop Reports PNG/cg1914p2_folder_2\cg1914p2_page_692.png,1914.,2960,310,3122,312,3121,376,2959,374
8,../Crop_Reports/Bengal Crop Reports PNG/cg1914p2_folder_2\cg1914p2_page_692.png,1189,3420,316,3563,319,3561,387,3418,384
9,../Crop_Reports/Bengal Crop Reports PNG/cg1914p2_folder_2\cg1914p2_page_692.png,prior,1398,524,1523,526,1522,566,1397,564
10,../Crop_Reports/Bengal Crop Reports PNG/cg1914p2_folder_2\cg1914p2_page_692.png,of,1532,526,1599,527,1598,566,1531,565
11,../Crop_Reports/Bengal Crop Reports PNG/cg1914p2_folder_2\cg1914p2_page_692.png,oonmon,1602,527,1789,529,1788,568,1601,566
12,../Crop_Reports/Bengal Crop Reports PNG/cg1914p2_folder_2\cg1914p2_page_692.png,rio,1806,529,1935,531,1934,571,1805,569
13,../Crop_Reports/Bengal Crop Reports PNG/cg1914p2_folder_2\cg1914p2_page_692.png,in,1938,531,1977,532,1976,572,1937,571
14,../Crop_Reports/Bengal Crop Reports PNG/cg1914p2_folder_2\cg1914p2_page_692.png,suna,1466,572,1617,572,1617,615,1466,615
15,../Crop_Reports/Bengal Crop Reports PNG/cg1914p2_folder_2\cg1914p2_page_692.png,ren,1624,575,1705,575,1705,609,1624,609
16,../Crop_Reports/Bengal Crop Reports PNG/cg1914p2_folder_2\cg1914p2_page_692.png,rophe,1727,575,1874,575,1874,610,1727,610
17,../Crop_Reports/Bengal Crop Reports PNG/cg1914p2_folder_2\cg1914p2_page_692.png,disketota,640,588,803,588,803,634,640,634
18,../Crop_Reports/Bengal Crop Reports PNG/cg1914p2_folder_2\cg1914p2_page_692.png,an,814,584,862,584,862,634,814,634
19,../Crop_Reports/Bengal Crop Reports PNG/cg1914p2_folder_2\cg1914p2_page_692.png,suhvialon,626,630,889,631,889,672,626,671
20,../Crop_Reports/Bengal Crop Reports PNG/cg1914p2_folder_2\cg1914p2_page_692.png,pinal,365,598,471,598,471,639,365,639
21,../Crop_Reports/Bengal Crop Reports PNG/cg1914p2_folder_2\cg1914p2_page_692.png,rainfnll,1096,612,1247,615,1246,649,1095,646
22,../Crop_Reports/Bengal Crop Reports PNG/cg1914p2_folder_2\cg1914p2_page_692.png,charnotur,2330,626,2521,628,2521,664,2330,662
23,../Crop_Reports/Bengal Crop Reports PNG/cg1914p2_folder_2\cg1914p2_page_692.png,at,2532,625,2571,626,2570,665,2531,664
24,../Crop_Reports/Bengal Crop Reports PNG/cg1914p2_folder_2\cg1914p2_page_692.png,the,2583,623,2671,624,2670,670,2582,669
25,../Crop_Reports/Bengal Crop Reports PNG/cg1914p2_folder_2\cg1914p2_page_692.png,wansher,2660,624,2827,626,2826,668,2659,666
26,../Crop_Reports/Bengal Crop Reports PNG/cg1914p2_folder_2\cg1914p2_page_692.png,oandision,2843,626,3031,628,3030,674,2842,672
27,../Crop_Reports/Bengal Crop Reports PNG/cg1914p2_folder_2\cg1914p2_page_692.png,of,3030,630,3069,631,3069,666,3030,665
28,../Crop_Reports/Bengal Crop Reports PNG/cg1914p2_folder_2\cg1914p2_page_692.png,aropa,3081,629,3231,631,3230,677,3080,675
29,../Crop_Reports/Bengal Crop Reports PNG/cg1914p2_folder_2\cg1914p2_page_692.png,ako,3212,635,3281,636,3281,670,3212,669
30,../Crop_Reports/Bengal Crop Reports PNG/cg1914p2_folder_2\cg1914p2_page_692.png,this,1398,694,1493,695,1493,734,1398,733
31,../Crop_Reports/Bengal Crop Reports PNG/cg1914p2_folder_2\cg1914p2_page_692.png,week.,1496,694,1597,695,1597,735,1496,734
32,../Crop_Reports/Bengal Crop Reports PNG/cg1914p2_folder_2\cg1914p2_page_692.png,provious,1688,696,1851,697,1851,737,1688,736
33,../Crop_Reports/Bengal Crop Reports PNG/cg1914p2_folder_2\cg1914p2_page_692.png,wook,1872,699,1965,700,1965,736,1872,735
34,../Crop_Reports/Bengal Crop Reports PNG/cg1914p2_folder_2\cg1914p2_page_692.png,inches,1060,1012,1287,1012,1287,1073,1060,1073
35,../Crop_Reports/Bengal Crop Reports PNG/cg1914p2_folder_2\cg1914p2_page_692.png,burdwan,534,1173,874,1173,874,1232,534,1232
36,../Crop_Reports/Bengal Crop Reports PNG/cg1914p2_folder_2\cg1914p2_page_692.png,...!,929,1173,1029,1173,1029,1244,929,1244
37,../Crop_Reports/Bengal Crop Reports PNG/cg1914p2_folder_2\cg1914p2_page_692.png,0:72,1125,1168,1251,1168,1251,1231,1125,1231
38,../Crop_Reports/Bengal Crop Reports PNG/cg1914p2_folder_2\cg1914p2_page_692.png,weather,2056,1172,2347,1177,2346,1240,2055,1235
39,../Crop_Reports/Bengal Crop Reports PNG/cg1914p2_folder_2\cg1914p2_page_692.png,quasonable,2372,1181,2763,1187,2762,1247,2371,1241
40,../Crop_Reports/Bengal Crop Reports PNG/cg1914p2_folder_2\cg1914p2_page_692.png,winter,2098,1263,2324,1265,2324,1317,2098,1315
41,../Crop_Reports/Bengal Crop Reports PNG/cg1914p2_folder_2\cg1914p2_page_692.png,rice,2351,1262,2480,1263,2480,1320,2351,1319
42,../Crop_Reports/Bengal Crop Reports PNG/cg1914p2_folder_2\cg1914p2_page_692.png,1s,2510,1279,2561,1279,2561,1319,2510,1319
43,../Crop_Reports/Bengal Crop Reports PNG/cg1914p2_folder_2\cg1914p2_page_692.png,still,2591,1265,2721,1266,2720,1325,2590,1324
44,../Crop_Reports/Bengal Crop Reports PNG/cg1914p2_folder_2\cg1914p2_page_692.png,going,2754,1265,2951,1267,2950,1337,2753,1335
45,../Crop_Reports/Bengal Crop Reports PNG/cg1914p2_folder_2\cg1914p2_page_692.png,on.,2983,1265,3161,1267,3160,1339,2982,1337
46,../Crop_Reports/Bengal Crop Reports PNG/cg1914p2_folder_2\cg1914p2_page_692.png,the,3171,1268,3306,1269,3305,1331,3170,1330
47,../Crop_Reports/Bengal Crop Reports PNG/cg1914p2_folder_2\cg1914p2_page_692.png,condi-,3345,1267,3561,1269,3560,1333,3344,1331
48,../Crop_Reports/Bengal Crop Reports PNG/cg1914p2_folder_2\cg1914p2_page_692.png,tion,2100,1344,2231,1346,2230,1394,2099,1392
49,../Crop_Reports/Bengal Crop Reports PNG/cg1914p2_folder_2\cg1914p2_page_692.png,of,2270,1327,2339,1328,2338,1403,2269,1402
50,../Crop_Reports/Bengal Crop Reports PNG/cg1914p2_folder_2\cg1914p2_page_692.png,jute,2360,1341,2495,1343,2494,1406,2359,1404
51,../Crop_Reports/Bengal Crop Reports PNG/cg1914p2_folder_2\cg1914p2_page_692.png,and,2520,1339,2643,1341,2642,1401,2519,1399
52,../Crop_Reports/Bengal Crop Reports PNG/cg1914p2_folder_2\cg1914p2_page_692.png,other,2687,1335,2867,1338,2866,1405,2686,1402
53,../Crop_Reports/Bengal Crop Reports PNG/cg1914p2_folder_2\cg1914p2_page_692.png,standing,2916,1339,3223,1344,3222,1419,2915,1414
54,../Crop_Reports/Bengal Crop Reports PNG/cg1914p2_folder_2\cg1914p2_page_692.png,orops,3272,1361,3454,1364,3453,1423,3271,1420
55,../Crop_Reports/Bengal Crop Reports PNG/cg1914p2_folder_2\cg1914p2_page_692.png,is,3508,1353,3562,1354,3561,1413,3507,1412
56,../Crop_Reports/Bengal Crop Reports PNG/cg1914p2_folder_2\cg1914p2_page_692.png,good,2096,1412,2251,1415,2250,1478,2095,1475
57,../Crop_Reports/Bengal Crop Reports PNG/cg1914p2_folder_2\cg1914p2_page_692.png,attle-disease,2348,1404,2819,1412,2818,1484,2347,1476
58,../Crop_Reports/Bengal Crop Reports PNG/cg1914p2_folder_2\cg1914p2_page_692.png,is,2852,1425,2906,1426,2905,1485,2851,1484
59,../Crop_Reports/Bengal Crop Reports PNG/cg1914p2_folder_2\cg1914p2_page_692.png,reported,2936,1414,3231,1419,3230,1494,2935,1489
60,../Crop_Reports/Bengal Crop Reports PNG/cg1914p2_folder_2\cg1914p2_page_692.png,from,3256,1423,3423,1426,3422,1493,3255,1490
61,../Crop_Reports/Bengal Crop Reports PNG/cg1914p2_folder_2\cg1914p2_page_692.png,the,3452,1427,3559,1429,3558,1492,3451,1490
62,../Crop_Reports/Bengal Crop Reports PNG/cg1914p2_folder_2\cg1914p2_page_692.png,raina,2100,1488,2315,1490,2314,1557,2099,1555
63,../Crop_Reports/Bengal Crop Reports PNG/cg1914p2_folder_2\cg1914p2_page_692.png,asansol,2388,1495,2679,1498,2678,1562,2387,1559
64,../Crop_Reports/Bengal Crop Reports PNG/cg1914p2_folder_2\cg1914p2_page_692.png,raniganj,2768,1491,3079,1494,3078,1578,2767,1575
65,../Crop_Reports/Bengal Crop Reports PNG/cg1914p2_folder_2\cg1914p2_page_692.png,and,3144,1503,3271,1504,3270,1568,3143,1567
66,../Crop_Reports/Bengal Crop Reports PNG/cg1914p2_folder_2\cg1914p2_page_692.png,kutwa,3332,1505,3559,1507,3558,1571,3331,1569
67,../Crop_Reports/Bengal Crop Reports PNG/cg1914p2_folder_2\cg1914p2_page_692.png,thanas,2098,1568,2319,1573,2318,1632,2097,1627
68,../Crop_Reports/Bengal Crop Reports PNG/cg1914p2_folder_2\cg1914p2_page_692.png,fodder,2098,1646,2337,1651,2336,1712,2097,1708
69,../Crop_Reports/Bengal Crop Reports PNG/cg1914p2_folder_2\cg1914p2_page_692.png,and,2362,1651,2489,1653,2488,1712,2361,1710
70,../Crop_Reports/Bengal Crop Reports PNG/cg1914p2_folder_2\cg1914p2_page_692.png,water,2518,1660,2710,1664,2709,1717,2517,1713
71,../Crop_Reports/Bengal Crop Reports PNG/cg1914p2_folder_2\cg1914p2_page_692.png,are,2741,1654,2833,1656,2832,1727,2740,1725
72,../Crop_Reports/Bengal Crop Reports PNG/cg1914p2_folder_2\cg1914p2_page_692.png,suflicient.,2861,1656,3205,1662,3204,1734,2860,1728
73,../Crop_Reports/Bengal Crop Reports PNG/cg1914p2_folder_2\cg1914p2_page_692.png,transplantation,2850,1188,3431,1188,3431,1271,2850,1271
74,../Crop_Reports/Bengal Crop Reports PNG/cg1914p2_folder_2\cg1914p2_page_692.png,of,3486,1192,3561,1192,3561,1271,3486,1271
75,../Crop_Reports/Bengal Crop Reports PNG/cg1914p2_folder_2\cg1914p2_page_692.png,asansol,528,1328,793,1327,793,1390,528,1391
76,../Crop_Reports/Bengal Crop Reports PNG/cg1914p2_folder_2\cg1914p2_page_692.png,1:70,1128,1327,1251,1325,1252,1389,1129,1391
77,../Crop_Reports/Bengal Crop Reports PNG/cg1914p2_folder_2\cg1914p2_page_692.png,9,1486,1330,1517,1330,1517,1391,1486,1391
78,../Crop_Reports/Bengal Crop Reports PNG/cg1914p2_folder_2\cg1914p2_page_692.png,katwa,530,1484,755,1484,755,1545,530,1545
79,../Crop_Reports/Bengal Crop Reports PNG/cg1914p2_folder_2\cg1914p2_page_692.png,6.48,1124,1484,1251,1483,1251,1546,1124,1547
80,../Crop_Reports/Bengal Crop Reports PNG/cg1914p2_folder_2\cg1914p2_page_692.png,and,2420,1574,2545,1575,2545,1636,2420,1635
81,../Crop_Reports/Bengal Crop Reports PNG/cg1914p2_folder_2\cg1914p2_page_692.png,furidpur,2652,1572,2967,1575,2966,1658,2651,1655
82,../Crop_Reports/Bengal Crop Reports PNG/cg1914p2_folder_2\cg1914p2_page_692.png,police-station.,3056,1575,3555,1579,3554,1663,3055,1659
83,../Crop_Reports/Bengal Crop Reports PNG/cg1914p2_folder_2\cg1914p2_page_692.png,kalna,531,1636,738,1648,734,1708,528,1696
84,../Crop_Reports/Bengal Crop Reports PNG/cg1914p2_folder_2\cg1914p2_page_692.png,2.86,1125,1642,1251,1643,1250,1705,1124,1704
85,../Crop_Reports/Bengal Crop Reports PNG/cg1914p2_folder_2\cg1914p2_page_692.png,it,1488,1645,1553,1646,1552,1713,1487,1712
86,../Crop_Reports/Bengal Crop Reports PNG/cg1914p2_folder_2\cg1914p2_page_692.png,7,1868,1644,1911,1644,1910,1711,1867,1711
87,../Crop_Reports/Bengal Crop Reports PNG/cg1914p2_folder_2\cg1914p2_page_692.png,7,461,2111,518,2112,517,2180,460,2179
88,../Crop_Reports/Bengal Crop Reports PNG/cg1914p2_folder_2\cg1914p2_page_692.png,birkhum,568,2113,840,2119,839,2188,567,2182
89,../Crop_Reports/Bengal Crop Reports PNG/cg1914p2_folder_2\cg1914p2_page_692.png,2-89,1124,2115,1251,2114,1252,2178,1125,2179
90,../Crop_Reports/Bengal Crop Reports PNG/cg1914p2_folder_2\cg1914p2_page_692.png,8,1866,2118,1901,2118,1901,2175,1866,2175
91,../Crop_Reports/Bengal Crop Reports PNG/cg1914p2_folder_2\cg1914p2_page_692.png,weather,2054,2118,2347,2123,2346,2185,2053,2181
92,../Crop_Reports/Bengal Crop Reports PNG/cg1914p2_folder_2\cg1914p2_page_692.png,tranfsplantation,2100,2196,2627,2206,2626,2278,2099,2268
93,../Crop_Reports/Bengal Crop Reports PNG/cg1914p2_folder_2\cg1914p2_page_692.png,of,2660,2202,2727,2203,2726,2266,2659,2265
94,../Crop_Reports/Bengal Crop Reports PNG/cg1914p2_folder_2\cg1914p2_page_692.png,seedlings,2764,2204,3083,2210,3082,2286,2763,2280
95,../Crop_Reports/Bengal Crop Reports PNG/cg1914p2_folder_2\cg1914p2_page_692.png,are,3107,2230,3210,2232,3209,2276,3106,2274
96,../Crop_Reports/Bengal Crop Reports PNG/cg1914p2_folder_2\cg1914p2_page_692.png,going,3236,2213,3435,2217,3434,2292,3235,2288
97,../Crop_Reports/Bengal Crop Reports PNG/cg1914p2_folder_2\cg1914p2_page_692.png,on.,3459,2232,3562,2234,3561,2278,3458,2276
98,../Crop_Reports/Bengal Crop Reports PNG/cg1914p2_folder_2\cg1914p2_page_692.png,fodder,2102,2272,2347,2275,2346,2343,2101,2340
99,../Crop_Reports/Bengal Crop Reports PNG/cg1914p2_folder_2\cg1914p2_page_692.png,and,2370,2279,2497,2281,2496,2345,2369,2343
100,../Crop_Reports/Bengal Crop Reports PNG/cg1914p2_folder_2\cg1914p2_page_692.png,water,2526,2288,2725,2291,2724,2348,2525,2345
101,../Crop_Reports/Bengal Crop Reports PNG/cg1914p2_folder_2\cg1914p2_page_692.png,are,2768,2300,2871,2301,2870,2347,2767,2346
102,../Crop_Reports/Bengal Crop Reports PNG/cg1914p2_folder_2\cg1914p2_page_692.png,sufficient.,2924,2282,3265,2286,3264,2355,2923,2351
103,../Crop_Reports/Bengal Crop Reports PNG/cg1914p2_folder_2\cg1914p2_page_692.png,caltle-,3332,2288,3565,2291,3564,2360,3331,2357
104,../Crop_Reports/Bengal Crop Reports PNG/cg1914p2_folder_2\cg1914p2_page_692.png,disease,2096,2356,2335,2361,2334,2425,2095,2420
105,../Crop_Reports/Bengal Crop Reports PNG/cg1914p2_folder_2\cg1914p2_page_692.png,is,2359,2349,2451,2351,2449,2430,2358,2428
106,../Crop_Reports/Bengal Crop Reports PNG/cg1914p2_folder_2\cg1914p2_page_692.png,reported,2464,2359,2755,2365,2754,2440,2463,2435
107,../Crop_Reports/Bengal Crop Reports PNG/cg1914p2_folder_2\cg1914p2_page_692.png,from,2784,2365,2947,2368,2946,2432,2783,2429
108,../Crop_Reports/Bengal Crop Reports PNG/cg1914p2_folder_2\cg1914p2_page_692.png,thana,2976,2369,3167,2373,3166,2432,2975,2428
109,../Crop_Reports/Bengal Crop Reports PNG/cg1914p2_folder_2\cg1914p2_page_692.png,labpur.,3196,2369,3467,2374,3465,2453,3195,2448
110,../Crop_Reports/Bengal Crop Reports PNG/cg1914p2_folder_2\cg1914p2_page_692.png,seasonable.,2460,2131,2847,2126,2848,2190,2461,2195
111,../Crop_Reports/Bengal Crop Reports PNG/cg1914p2_folder_2\cg1914p2_page_692.png,ploughing,2972,2127,3335,2125,3335,2213,2972,2215
112,../Crop_Reports/Bengal Crop Reports PNG/cg1914p2_folder_2\cg1914p2_page_692.png,and,3436,2134,3563,2133,3563,2200,3436,2201
113,../Crop_Reports/Bengal Crop Reports PNG/cg1914p2_folder_2\cg1914p2_page_692.png,1,2015,2233,2018,2233,2018,2247,2015,2247
114,../Crop_Reports/Bengal Crop Reports PNG/cg1914p2_folder_2\cg1914p2_page_692.png,ramparbat,538,2272,923,2271,923,2348,538,2349
115,../Crop_Reports/Bengal Crop Reports PNG/cg1914p2_folder_2\cg1914p2_page_692.png,2-25,1128,2272,1255,2272,1255,2335,1128,2335
116,../Crop_Reports/Bengal Crop Reports PNG/cg1914p2_folder_2\cg1914p2_page_692.png,8,1868,2280,1901,2280,1901,2335,1868,2335
117,../Crop_Reports/Bengal Crop Reports PNG/cg1914p2_folder_2\cg1914p2_page_692.png,8,442,2745,505,2746,504,2813,441,2812
118,../Crop_Reports/Bengal Crop Reports PNG/cg1914p2_folder_2\cg1914p2_page_692.png,bankura,554,2746,867,2752,866,2820,553,2814
119,../Crop_Reports/Bengal Crop Reports PNG/cg1914p2_folder_2\cg1914p2_page_692.png,weather,2053,2749,2350,2755,2349,2818,2052,2812
120,../Crop_Reports/Bengal Crop Reports PNG/cg1914p2_folder_2\cg1914p2_page_692.png,seasonable.,2402,2752,2789,2760,2788,2823,2401,2815
121,../Crop_Reports/Bengal Crop Reports PNG/cg1914p2_folder_2\cg1914p2_page_692.png,winter,2100,2837,2331,2839,2330,2894,2099,2892
122,../Crop_Reports/Bengal Crop Reports PNG/cg1914p2_folder_2\cg1914p2_page_692.png,paddy,2396,2835,2603,2837,2602,2909,2395,2907
123,../Crop_Reports/Bengal Crop Reports PNG/cg1914p2_folder_2\cg1914p2_page_692.png,continues.,2696,2834,3051,2838,3050,2902,2695,2898
124,../Crop_Reports/Bengal Crop Reports PNG/cg1914p2_folder_2\cg1914p2_page_692.png,fodder,3096,2834,3387,2837,3386,2905,3095,2902
125,../Crop_Reports/Bengal Crop Reports PNG/cg1914p2_folder_2\cg1914p2_page_692.png,and,3436,2841,3559,2842,3558,2918,3435,2917
126,../Crop_Reports/Bengal Crop Reports PNG/cg1914p2_folder_2\cg1914p2_page_692.png,2-71,1122,2750,1249,2748,1250,2811,1123,2813
127,../Crop_Reports/Bengal Crop Reports PNG/cg1914p2_folder_2\cg1914p2_page_692.png,84,1488,2752,1555,2752,1555,2819,1488,2819
128,../Crop_Reports/Bengal Crop Reports PNG/cg1914p2_folder_2\cg1914p2_page_692.png,transplantation,2892,2759,3449,2765,3448,2841,2891,2835
129,../Crop_Reports/Bengal Crop Reports PNG/cg1914p2_folder_2\cg1914p2_page_692.png,of,3500,2764,3565,2765,3564,2828,3499,2827
130,../Crop_Reports/Bengal Crop Reports PNG/cg1914p2_folder_2\cg1914p2_page_692.png,vishnupur...,540,2904,991,2910,990,2986,539,2980
131,../Crop_Reports/Bengal Crop Reports PNG/cg1914p2_folder_2\cg1914p2_page_692.png,4.64,1124,2908,1251,2908,1251,2971,1124,2971
132,../Crop_Reports/Bengal Crop Reports PNG/cg1914p2_folder_2\cg1914p2_page_692.png,84,1488,2904,1559,2904,1558,2979,1487,2979
133,../Crop_Reports/Bengal Crop Reports PNG/cg1914p2_folder_2\cg1914p2_page_692.png,8},1838,2906,1995,2907,1995,2982,1838,2981
134,../Crop_Reports/Bengal Crop Reports PNG/cg1914p2_folder_2\cg1914p2_page_692.png,|,2026,2907,2109,2908,2109,2983,2026,2982
135,../Crop_Reports/Bengal Crop Reports PNG/cg1914p2_folder_2\cg1914p2_page_692.png,water,2102,2919,2295,2920,2295,2972,2102,2971
136,../Crop_Reports/Bengal Crop Reports PNG/cg1914p2_folder_2\cg1914p2_page_692.png,are,2368,2909,2477,2910,2477,2986,2368,2985
137,../Crop_Reports/Bengal Crop Reports PNG/cg1914p2_folder_2\cg1914p2_page_692.png,sufficiont.,2542,2910,2879,2912,2879,2980,2542,2978
138,../Crop_Reports/Bengal Crop Reports PNG/cg1914p2_folder_2\cg1914p2_page_692.png,cattle-disease,2954,2912,3465,2915,3465,2987,2954,2984
139,../Crop_Reports/Bengal Crop Reports PNG/cg1914p2_folder_2\cg1914p2_page_692.png,is,3512,2926,3567,2926,3567,2987,3512,2987
140,../Crop_Reports/Bengal Crop Reports PNG/cg1914p2_folder_2\cg1914p2_page_692.png,reported,2104,2992,2389,2994,2388,3068,2103,3066
141,../Crop_Reports/Bengal Crop Reports PNG/cg1914p2_folder_2\cg1914p2_page_692.png,from,2432,2992,2593,2993,2593,3055,2432,3054
142,../Crop_Reports/Bengal Crop Reports PNG/cg1914p2_folder_2\cg1914p2_page_692.png,onda,2624,2996,2801,2997,2801,3056,2624,3055
143,../Crop_Reports/Bengal Crop Reports PNG/cg1914p2_folder_2\cg1914p2_page_692.png,polico-station.,2832,2997,3327,3001,3326,3075,2831,3071
144,../Crop_Reports/Bengal Crop Reports PNG/cg1914p2_folder_2\cg1914p2_page_692.png,1,2017,3149,2021,3149,2021,3163,2017,3163
145,../Crop_Reports/Bengal Crop Reports PNG/cg1914p2_folder_2\cg1914p2_page_692.png,weather,2060,3304,2355,3309,2354,3372,2059,3367
146,../Crop_Reports/Bengal Crop Reports PNG/cg1914p2_folder_2\cg1914p2_page_692.png,hot,2412,3310,2519,3312,2518,3371,2411,3369
147,../Crop_Reports/Bengal Crop Reports PNG/cg1914p2_folder_2\cg1914p2_page_692.png,and,2571,3309,2691,3311,2690,3374,2570,3372
148,../Crop_Reports/Bengal Crop Reports PNG/cg1914p2_folder_2\cg1914p2_page_692.png,cloudy.,2743,3311,2999,3315,2998,3391,2742,3387
149,../Crop_Reports/Bengal Crop Reports PNG/cg1914p2_folder_2\cg1914p2_page_692.png,transplanting,3068,3309,3563,3317,3561,3404,3067,3396
150,../Crop_Reports/Bengal Crop Reports PNG/cg1914p2_folder_2\cg1914p2_page_692.png,of,2096,3384,2203,3385,2202,3464,2095,3463
151,../Crop_Reports/Bengal Crop Reports PNG/cg1914p2_folder_2\cg1914p2_page_692.png,winter,2196,3393,2427,3395,2427,3450,2196,3448
152,../Crop_Reports/Bengal Crop Reports PNG/cg1914p2_folder_2\cg1914p2_page_692.png,paddy,2452,3387,2667,3389,2666,3469,2451,3467
153,../Crop_Reports/Bengal Crop Reports PNG/cg1914p2_folder_2\cg1914p2_page_692.png,is,2696,3393,2751,3393,2750,3453,2695,3453
154,../Crop_Reports/Bengal Crop Reports PNG/cg1914p2_folder_2\cg1914p2_page_692.png,going,2776,3410,2971,3412,2970,3471,2775,3469
155,../Crop_Reports/Bengal Crop Reports PNG/cg1914p2_folder_2\cg1914p2_page_692.png,on.,3000,3412,3103,3413,3103,3456,3000,3455
156,../Crop_Reports/Bengal Crop Reports PNG/cg1914p2_folder_2\cg1914p2_page_692.png,aus,3180,3393,3319,3394,3318,3458,3179,3457
157,../Crop_Reports/Bengal Crop Reports PNG/cg1914p2_folder_2\cg1914p2_page_692.png,paddy,3332,3394,3559,3396,3558,3476,3331,3474
158,../Crop_Reports/Bengal Crop Reports PNG/cg1914p2_folder_2\cg1914p2_page_692.png,has,2108,3464,2215,3465,2215,3529,2108,3528
159,../Crop_Reports/Bengal Crop Reports PNG/cg1914p2_folder_2\cg1914p2_page_692.png,been,2304,3461,2467,3462,2467,3530,2304,3529
160,../Crop_Reports/Bengal Crop Reports PNG/cg1914p2_folder_2\cg1914p2_page_692.png,damaged,2556,3462,2863,3464,2863,3544,2556,3542
161,../Crop_Reports/Bengal Crop Reports PNG/cg1914p2_folder_2\cg1914p2_page_692.png,in,2940,3465,3011,3465,3011,3532,2940,3532
162,../Crop_Reports/Bengal Crop Reports PNG/cg1914p2_folder_2\cg1914p2_page_692.png,tamluk,3104,3466,3371,3468,3371,3535,3104,3533
163,../Crop_Reports/Bengal Crop Reports PNG/cg1914p2_folder_2\cg1914p2_page_692.png,by,3472,3468,3563,3469,3563,3548,3472,3547
164,../Crop_Reports/Bengal Crop Reports PNG/cg1914p2_folder_2\cg1914p2_page_692.png,excessive,2104,3546,2429,3549,2428,3607,2103,3604
165,../Crop_Reports/Bengal Crop Reports PNG/cg1914p2_folder_2\cg1914p2_page_692.png,rain.,2502,3564,2660,3566,2660,3610,2502,3608
166,../Crop_Reports/Bengal Crop Reports PNG/cg1914p2_folder_2\cg1914p2_page_692.png,prospects,2740,3547,3073,3550,3072,3626,2739,3623
167,../Crop_Reports/Bengal Crop Reports PNG/cg1914p2_folder_2\cg1914p2_page_692.png,of,3138,3551,3201,3552,3200,3611,3137,3610
168,../Crop_Reports/Bengal Crop Reports PNG/cg1914p2_folder_2\cg1914p2_page_692.png,jute,3268,3554,3401,3555,3400,3631,3267,3630
169,../Crop_Reports/Bengal Crop Reports PNG/cg1914p2_folder_2\cg1914p2_page_692.png,are,3464,3568,3571,3569,3570,3633,3463,3632
170,../Crop_Reports/Bengal Crop Reports PNG/cg1914p2_folder_2\cg1914p2_page_692.png,good,2108,3624,2267,3624,2267,3695,2108,3695
171,../Crop_Reports/Bengal Crop Reports PNG/cg1914p2_folder_2\cg1914p2_page_692.png,in,2300,3628,2363,3628,2363,3683,2300,3683
172,../Crop_Reports/Bengal Crop Reports PNG/cg1914p2_folder_2\cg1914p2_page_692.png,contai,2392,3616,2655,3616,2655,3695,2392,3695
173,../Crop_Reports/Bengal Crop Reports PNG/cg1914p2_folder_2\cg1914p2_page_692.png,and,2680,3628,2807,3628,2807,3691,2680,3691
174,../Crop_Reports/Bengal Crop Reports PNG/cg1914p2_folder_2\cg1914p2_page_692.png,tumluk,2868,3616,3151,3616,3151,3695,2868,3695
175,../Crop_Reports/Bengal Crop Reports PNG/cg1914p2_folder_2\cg1914p2_page_692.png,bt,3212,3616,3327,3616,3327,3691,3212,3691
176,../Crop_Reports/Bengal Crop Reports PNG/cg1914p2_folder_2\cg1914p2_page_692.png,fair,3356,3632,3471,3632,3471,3691,3356,3691
177,../Crop_Reports/Bengal Crop Reports PNG/cg1914p2_folder_2\cg1914p2_page_692.png,in,3496,3632,3575,3632,3575,3691,3496,3691
178,../Crop_Reports/Bengal Crop Reports PNG/cg1914p2_folder_2\cg1914p2_page_692.png,ghatul.,2108,3696,2357,3698,2356,3763,2107,3761
179,../Crop_Reports/Bengal Crop Reports PNG/cg1914p2_folder_2\cg1914p2_page_692.png,fodder,2436,3705,2681,3707,2680,3768,2435,3766
180,../Crop_Reports/Bengal Crop Reports PNG/cg1914p2_folder_2\cg1914p2_page_692.png,and,2698,3709,2819,3710,2818,3770,2697,3769
181,../Crop_Reports/Bengal Crop Reports PNG/cg1914p2_folder_2\cg1914p2_page_692.png,water,2874,3714,3065,3716,3065,3772,2874,3770
182,../Crop_Reports/Bengal Crop Reports PNG/cg1914p2_folder_2\cg1914p2_page_692.png,are,3100,3726,3203,3727,3203,3771,3100,3770
183,../Crop_Reports/Bengal Crop Reports PNG/cg1914p2_folder_2\cg1914p2_page_692.png,sufficient,3240,3707,3559,3710,3558,3776,3239,3773
184,../Crop_Reports/Bengal Crop Reports PNG/cg1914p2_folder_2\cg1914p2_page_692.png,except,2106,3790,2332,3789,2332,3863,2106,3864
185,../Crop_Reports/Bengal Crop Reports PNG/cg1914p2_folder_2\cg1914p2_page_692.png,in,2359,3789,2446,3789,2446,3863,2359,3863
186,../Crop_Reports/Bengal Crop Reports PNG/cg1914p2_folder_2\cg1914p2_page_692.png,some,2502,3802,2673,3801,2673,3847,2502,3848
187,../Crop_Reports/Bengal Crop Reports PNG/cg1914p2_folder_2\cg1914p2_page_692.png,places,2718,3789,2925,3788,2925,3861,2718,3862
188,../Crop_Reports/Bengal Crop Reports PNG/cg1914p2_folder_2\cg1914p2_page_692.png,in,2979,3805,3045,3805,3045,3848,2979,3848
189,../Crop_Reports/Bengal Crop Reports PNG/cg1914p2_folder_2\cg1914p2_page_692.png,contai.,3101,3786,3345,3785,3345,3850,3101,3851
190,../Crop_Reports/Bengal Crop Reports PNG/cg1914p2_folder_2\cg1914p2_page_692.png,cattle-dsease.,2110,3857,2595,3861,2594,3927,2109,3923
191,../Crop_Reports/Bengal Crop Reports PNG/cg1914p2_folder_2\cg1914p2_page_692.png,9|,403,3302,535,3302,535,3373,403,3373
192,../Crop_Reports/Bengal Crop Reports PNG/cg1914p2_folder_2\cg1914p2_page_692.png,midnapo,539,3302,943,3302,943,3373,539,3373
193,../Crop_Reports/Bengal Crop Reports PNG/cg1914p2_folder_2\cg1914p2_page_692.png,144,1126,3308,1251,3309,1251,3368,1126,3367
194,../Crop_Reports/Bengal Crop Reports PNG/cg1914p2_folder_2\cg1914p2_page_692.png,778,1492,3304,1593,3303,1594,3383,1493,3384
195,../Crop_Reports/Bengal Crop Reports PNG/cg1914p2_folder_2\cg1914p2_page_692.png,ghatal,530,3466,761,3463,762,3524,531,3527
196,../Crop_Reports/Bengal Crop Reports PNG/cg1914p2_folder_2\cg1914p2_page_692.png,168,1124,3468,1251,3466,1252,3525,1125,3527
197,../Crop_Reports/Bengal Crop Reports PNG/cg1914p2_folder_2\cg1914p2_page_692.png,88,1488,3462,1557,3462,1557,3533,1488,3533
198,../Crop_Reports/Bengal Crop Reports PNG/cg1914p2_folder_2\cg1914p2_page_692.png,tamluk,532,3624,799,3619,800,3680,533,3685
199,../Crop_Reports/Bengal Crop Reports PNG/cg1914p2_folder_2\cg1914p2_page_692.png,2-37,1125,3622,1252,3621,1253,3683,1126,3684
200,../Crop_Reports/Bengal Crop Reports PNG/cg1914p2_folder_2\cg1914p2_page_692.png,7,1494,3622,1521,3622,1522,3681,1495,3681
201,../Crop_Reports/Bengal Crop Reports PNG/cg1914p2_folder_2\cg1914p2_page_692.png,7,1875,3622,1903,3622,1904,3682,1876,3682
202,../Crop_Reports/Bengal Crop Reports PNG/cg1914p2_folder_2\cg1914p2_page_692.png,|,518,3773,571,3773,572,3854,519,3854
203,../Crop_Reports/Bengal Crop Reports PNG/cg1914p2_folder_2\cg1914p2_page_692.png,contai,573,3772,763,3770,764,3852,574,3854
204,../Crop_Reports/Bengal Crop Reports PNG/cg1914p2_folder_2\cg1914p2_page_692.png,2,1151,3773,1193,3774,1192,3849,1150,3848
205,../Crop_Reports/Bengal Crop Reports PNG/cg1914p2_folder_2\cg1914p2_page_692.png,13,1188,3781,1255,3782,1254,3843,1187,3842
206,../Crop_Reports/Bengal Crop Reports PNG/cg1914p2_folder_2\cg1914p2_page_692.png,no,3460,3788,3559,3787,3560,3850,3461,3851
207,../Crop_Reports/Bengal Crop Reports PNG/cg1914p2_folder_2\cg1914p2_page_692.png,!,2026,4142,2031,4142,2031,4191,2026,4191
208,../Crop_Reports/Bengal Crop Reports PNG/cg1914p2_folder_2\cg1914p2_page_692.png,10,392,4414,465,4414,465,4479,392,4479
209,../Crop_Reports/Bengal Crop Reports PNG/cg1914p2_folder_2\cg1914p2_page_692.png,houghly,502,4410,873,4412,873,4488,502,4486
210,../Crop_Reports/Bengal Crop Reports PNG/cg1914p2_folder_2\cg1914p2_page_692.png,weather,2072,4418,2367,4419,2367,4481,2072,4480
211,../Crop_Reports/Bengal Crop Reports PNG/cg1914p2_folder_2\cg1914p2_page_692.png,cool,2440,4422,2577,4423,2577,4480,2440,4479
212,../Crop_Reports/Bengal Crop Reports PNG/cg1914p2_folder_2\cg1914p2_page_692.png,with,2634,4418,2789,4419,2789,4481,2634,4480
213,../Crop_Reports/Bengal Crop Reports PNG/cg1914p2_folder_2\cg1914p2_page_692.png,occasional,2868,4420,3221,4422,3221,4483,2868,4481
214,../Crop_Reports/Bengal Crop Reports PNG/cg1914p2_folder_2\cg1914p2_page_692.png,showers.,3274,4422,3583,4424,3583,4487,3274,4485
215,../Crop_Reports/Bengal Crop Reports PNG/cg1914p2_folder_2\cg1914p2_page_692.png,transplantation,2116,4496,2671,4499,2671,4575,2116,4572
216,../Crop_Reports/Bengal Crop Reports PNG/cg1914p2_folder_2\cg1914p2_page_692.png,of,2700,4504,2759,4504,2759,4555,2700,4555
217,../Crop_Reports/Bengal Crop Reports PNG/cg1914p2_folder_2\cg1914p2_page_692.png,winter,2792,4504,3023,4505,3023,4560,2792,4559
218,../Crop_Reports/Bengal Crop Reports PNG/cg1914p2_folder_2\cg1914p2_page_692.png,paldy,3052,4498,3263,4499,3263,4578,3052,4577
219,../Crop_Reports/Bengal Crop Reports PNG/cg1914p2_folder_2\cg1914p2_page_692.png,is,3304,4503,3359,4503,3359,4566,3304,4566
220,../Crop_Reports/Bengal Crop Reports PNG/cg1914p2_folder_2\cg1914p2_page_692.png,going,3388,4499,3587,4500,3587,4580,3388,4579
221,../Crop_Reports/Bengal Crop Reports PNG/cg1914p2_folder_2\cg1914p2_page_692.png,on,2124,4568,2287,4569,2286,4648,2123,4647
222,../Crop_Reports/Bengal Crop Reports PNG/cg1914p2_folder_2\cg1914p2_page_692.png,jute,2272,4569,2419,4570,2419,4638,2272,4637
223,../Crop_Reports/Bengal Crop Reports PNG/cg1914p2_folder_2\cg1914p2_page_692.png,is,2452,4594,2503,4594,2503,4637,2452,4637
224,../Crop_Reports/Bengal Crop Reports PNG/cg1914p2_folder_2\cg1914p2_page_692.png,being,2532,4578,2723,4579,2723,4651,2532,4650
225,../Crop_Reports/Bengal Crop Reports PNG/cg1914p2_folder_2\cg1914p2_page_692.png,cut,2748,4584,2851,4585,2851,4637,2748,4636
226,../Crop_Reports/Bengal Crop Reports PNG/cg1914p2_folder_2\cg1914p2_page_692.png,and,2880,4577,3003,4578,3003,4637,2880,4636
227,../Crop_Reports/Bengal Crop Reports PNG/cg1914p2_folder_2\cg1914p2_page_692.png,steeped.,3024,4574,3303,4576,3302,4656,3023,4654
228,../Crop_Reports/Bengal Crop Reports PNG/cg1914p2_folder_2\cg1914p2_page_692.png,slight,3368,4576,3587,4577,3586,4657,3367,4656
229,../Crop_Reports/Bengal Crop Reports PNG/cg1914p2_folder_2\cg1914p2_page_692.png,damage,2092,4660,2371,4661,2371,4736,2092,4735
230,../Crop_Reports/Bengal Crop Reports PNG/cg1914p2_folder_2\cg1914p2_page_692.png,to,2428,4662,2487,4662,2487,4717,2428,4717
231,../Crop_Reports/Bengal Crop Reports PNG/cg1914p2_folder_2\cg1914p2_page_692.png,standng,2544,4654,2843,4655,2843,4739,2544,4738
232,../Crop_Reports/Bengal Crop Reports PNG/cg1914p2_folder_2\cg1914p2_page_692.png,crops,2916,4671,3099,4672,3099,4740,2916,4739
233,../Crop_Reports/Bengal Crop Reports PNG/cg1914p2_folder_2\cg1914p2_page_692.png,is,3151,4657,3259,4657,3259,4736,3151,4736
234,../Crop_Reports/Bengal Crop Reports PNG/cg1914p2_folder_2\cg1914p2_page_692.png,reported,3288,4657,3587,4658,3587,4742,3288,4741
235,../Crop_Reports/Bengal Crop Reports PNG/cg1914p2_folder_2\cg1914p2_page_692.png,from,2118,4738,2275,4739,2275,4799,2118,4798
236,../Crop_Reports/Bengal Crop Reports PNG/cg1914p2_folder_2\cg1914p2_page_692.png,pursma,2300,4729,2569,4731,2569,4799,2300,4797
237,../Crop_Reports/Bengal Crop Reports PNG/cg1914p2_folder_2\cg1914p2_page_692.png,thana,2602,4737,2791,4738,2791,4796,2602,4795
238,../Crop_Reports/Bengal Crop Reports PNG/cg1914p2_folder_2\cg1914p2_page_692.png,owing,2820,4732,3029,4733,3028,4813,2819,4812
239,../Crop_Reports/Bengal Crop Reports PNG/cg1914p2_folder_2\cg1914p2_page_692.png,to,3046,4734,3163,4735,3162,4815,3045,4814
240,../Crop_Reports/Bengal Crop Reports PNG/cg1914p2_folder_2\cg1914p2_page_692.png,recent,3152,4735,3385,4737,3385,4804,3152,4802
241,../Crop_Reports/Bengal Crop Reports PNG/cg1914p2_folder_2\cg1914p2_page_692.png,flood.,3398,4738,3589,4739,3589,4805,3398,4804
242,../Crop_Reports/Bengal Crop Reports PNG/cg1914p2_folder_2\cg1914p2_page_692.png,fodder,2116,4816,2359,4818,2359,4877,2116,4875
243,../Crop_Reports/Bengal Crop Reports PNG/cg1914p2_folder_2\cg1914p2_page_692.png,and,2422,4816,2543,4817,2543,4876,2422,4875
244,../Crop_Reports/Bengal Crop Reports PNG/cg1914p2_folder_2\cg1914p2_page_692.png,water,2614,4827,2805,4828,2805,4876,2614,4875
245,../Crop_Reports/Bengal Crop Reports PNG/cg1914p2_folder_2\cg1914p2_page_692.png,are,2866,4833,2971,4834,2971,4877,2866,4876
246,../Crop_Reports/Bengal Crop Reports PNG/cg1914p2_folder_2\cg1914p2_page_692.png,sufficient.,3028,4818,3369,4820,3369,4891,3028,4889
247,../Crop_Reports/Bengal Crop Reports PNG/cg1914p2_folder_2\cg1914p2_page_692.png,cattle-disease,2114,4894,2567,4897,2567,4959,2114,4956
248,../Crop_Reports/Bengal Crop Reports PNG/cg1914p2_folder_2\cg1914p2_page_692.png,18,2598,4911,2651,4911,2651,4952,2598,4952
249,../Crop_Reports/Bengal Crop Reports PNG/cg1914p2_folder_2\cg1914p2_page_692.png,reported,2682,4893,2973,4895,2973,4971,2682,4969
250,../Crop_Reports/Bengal Crop Reports PNG/cg1914p2_folder_2\cg1914p2_page_692.png,except,3000,4902,3227,4903,3227,4974,3000,4973
251,../Crop_Reports/Bengal Crop Reports PNG/cg1914p2_folder_2\cg1914p2_page_692.png,in,3266,4893,3339,4893,3339,4961,3266,4961
252,../Crop_Reports/Bengal Crop Reports PNG/cg1914p2_folder_2\cg1914p2_page_692.png,thana,3392,4899,3589,4900,3589,4964,3392,4963
253,../Crop_Reports/Bengal Crop Reports PNG/cg1914p2_folder_2\cg1914p2_page_692.png,chanditala.,2114,4973,2513,4968,2514,5032,2115,5037
254,../Crop_Reports/Bengal Crop Reports PNG/cg1914p2_folder_2\cg1914p2_page_692.png,1:70,1136,4418,1263,4416,1264,4477,1137,4479
255,../Crop_Reports/Bengal Crop Reports PNG/cg1914p2_folder_2\cg1914p2_page_692.png,7,1882,4418,1911,4418,1911,4477,1882,4477
256,../Crop_Reports/Bengal Crop Reports PNG/cg1914p2_folder_2\cg1914p2_page_692.png,serampore,540,4576,907,4585,905,4653,538,4644
257,../Crop_Reports/Bengal Crop Reports PNG/cg1914p2_folder_2\cg1914p2_page_692.png,...,935,4613,1002,4615,1002,4635,935,4633
258,../Crop_Reports/Bengal Crop Reports PNG/cg1914p2_folder_2\cg1914p2_page_692.png,1-67,1140,4575,1263,4574,1264,4634,1141,4635
259,../Crop_Reports/Bengal Crop Reports PNG/cg1914p2_folder_2\cg1914p2_page_692.png,64,1502,4578,1569,4578,1569,4645,1502,4645
260,../Crop_Reports/Bengal Crop Reports PNG/cg1914p2_folder_2\cg1914p2_page_692.png,a,546,4724,611,4725,610,4812,545,4811
261,../Crop_Reports/Bengal Crop Reports PNG/cg1914p2_folder_2\cg1914p2_page_692.png,rambagb,613,4725,919,4729,918,4816,612,4812
262,../Crop_Reports/Bengal Crop Reports PNG/cg1914p2_folder_2\cg1914p2_page_692.png,...,943,4777,1006,4778,1006,4794,943,4793
263,../Crop_Reports/Bengal Crop Reports PNG/cg1914p2_folder_2\cg1914p2_page_692.png,259,1136,4732,1263,4731,1264,4794,1137,4795
264,../Crop_Reports/Bengal Crop Reports PNG/cg1914p2_folder_2\cg1914p2_page_692.png,83,1500,4736,1569,4739,1566,4806,1498,4803
265,../Crop_Reports/Bengal Crop Reports PNG/cg1914p2_folder_2\cg1914p2_page_692.png,no,3484,4820,3587,4819,3588,4882,3485,4883
266,../Crop_Reports/Bengal Crop Reports PNG/cg1914p2_folder_2\cg1914p2_page_692.png,:,2030,5132,2035,5132,2034,5201,2029,5201
267,../Crop_Reports/Bengal Crop Reports PNG/cg1914p2_folder_2\cg1914p2_page_692.png,11,396,5328,467,5328,467,5389,396,5389
268,../Crop_Reports/Bengal Crop Reports PNG/cg1914p2_folder_2\cg1914p2_page_692.png,|,516,5321,549,5321,548,5396,515,5396
269,../Crop_Reports/Bengal Crop Reports PNG/cg1914p2_folder_2\cg1914p2_page_692.png,howrah,546,5327,847,5329,847,5391,546,5389
270,../Crop_Reports/Bengal Crop Reports PNG/cg1914p2_folder_2\cg1914p2_page_692.png,weather,2074,5326,2369,5328,2369,5390,2074,5388
271,../Crop_Reports/Bengal Crop Reports PNG/cg1914p2_folder_2\cg1914p2_page_692.png,seasonable.,2422,5328,2807,5330,2807,5389,2422,5387
272,../Crop_Reports/Bengal Crop Reports PNG/cg1914p2_folder_2\cg1914p2_page_692.png,condition,2886,5330,3231,5332,3231,5394,2886,5392
273,../Crop_Reports/Bengal Crop Reports PNG/cg1914p2_folder_2\cg1914p2_page_692.png,of,3284,5337,3349,5337,3349,5396,3284,5396
274,../Crop_Reports/Bengal Crop Reports PNG/cg1914p2_folder_2\cg1914p2_page_692.png,stand-,3378,5333,3587,5334,3587,5396,3378,5395
275,../Crop_Reports/Bengal Crop Reports PNG/cg1914p2_folder_2\cg1914p2_page_692.png,ing,2116,5424,2227,5424,2227,5479,2116,5479
276,../Crop_Reports/Bengal Crop Reports PNG/cg1914p2_folder_2\cg1914p2_page_692.png,ciops,2276,5424,2459,5424,2459,5483,2276,5483
277,../Crop_Reports/Bengal Crop Reports PNG/cg1914p2_folder_2\cg1914p2_page_692.png,is,2483,5400,2563,5400,2563,5479,2483,5479
278,../Crop_Reports/Bengal Crop Reports PNG/cg1914p2_folder_2\cg1914p2_page_692.png,favourable.,2572,5408,2959,5408,2959,5475,2572,5475
279,../Crop_Reports/Bengal Crop Reports PNG/cg1914p2_folder_2\cg1914p2_page_692.png,transplantation,3028,5412,3591,5412,3591,5483,3028,5483
280,../Crop_Reports/Bengal Crop Reports PNG/cg1914p2_folder_2\cg1914p2_page_692.png,of,2112,5476,2191,5476,2191,5547,2112,5547
281,../Crop_Reports/Bengal Crop Reports PNG/cg1914p2_folder_2\cg1914p2_page_692.png,haimanti,2208,5476,2543,5478,2543,5554,2208,5552
282,../Crop_Reports/Bengal Crop Reports PNG/cg1914p2_folder_2\cg1914p2_page_692.png,paddy,2572,5490,2787,5491,2787,5567,2572,5566
283,../Crop_Reports/Bengal Crop Reports PNG/cg1914p2_folder_2\cg1914p2_page_692.png,is,2836,5496,2895,5496,2895,5559,2836,5559
284,../Crop_Reports/Bengal Crop Reports PNG/cg1914p2_folder_2\cg1914p2_page_692.png,proceeding.,2948,5480,3351,5482,3351,5570,2948,5568
285,../Crop_Reports/Bengal Crop Reports PNG/cg1914p2_folder_2\cg1914p2_page_692.png,har-,3432,5491,3591,5492,3591,5560,3432,5559
286,../Crop_Reports/Bengal Crop Reports PNG/cg1914p2_folder_2\cg1914p2_page_692.png,vesting,2112,5568,2371,5568,2371,5647,2112,5647
287,../Crop_Reports/Bengal Crop Reports PNG/cg1914p2_folder_2\cg1914p2_page_692.png,of,2448,5568,2515,5568,2515,5631,2448,5631
288,../Crop_Reports/Bengal Crop Reports PNG/cg1914p2_folder_2\cg1914p2_page_692.png,jute,2575,5564,2723,5564,2723,5643,2575,5643
289,../Crop_Reports/Bengal Crop Reports PNG/cg1914p2_folder_2\cg1914p2_page_692.png,has,2800,5576,2907,5576,2907,5635,2800,5635
290,../Crop_Reports/Bengal Crop Reports PNG/cg1914p2_folder_2\cg1914p2_page_692.png,commenced.,2948,5564,3411,5564,3411,5639,2948,5639
291,../Crop_Reports/Bengal Crop Reports PNG/cg1914p2_folder_2\cg1914p2_page_692.png,no,3488,5572,3583,5572,3583,5635,3488,5635
292,../Crop_Reports/Bengal Crop Reports PNG/cg1914p2_folder_2\cg1914p2_page_692.png,cattle-disease,2127,5638,2573,5646,2572,5722,2126,5714
293,../Crop_Reports/Bengal Crop Reports PNG/cg1914p2_folder_2\cg1914p2_page_692.png,is,2658,5656,2714,5657,2713,5714,2657,5713
294,../Crop_Reports/Bengal Crop Reports PNG/cg1914p2_folder_2\cg1914p2_page_692.png,reported.,2792,5652,3105,5658,3104,5734,2791,5728
295,../Crop_Reports/Bengal Crop Reports PNG/cg1914p2_folder_2\cg1914p2_page_692.png,sufficient.,2112,5724,2451,5722,2451,5789,2112,5791
296,../Crop_Reports/Bengal Crop Reports PNG/cg1914p2_folder_2\cg1914p2_page_692.png,0-94,1140,5327,1263,5325,1264,5389,1141,5391
297,../Crop_Reports/Bengal Crop Reports PNG/cg1914p2_folder_2\cg1914p2_page_692.png,labaria,551,5488,849,5485,850,5549,552,5552
298,../Crop_Reports/Bengal Crop Reports PNG/cg1914p2_folder_2\cg1914p2_page_692.png,107,1141,5488,1263,5487,1264,5552,1142,5553
299,../Crop_Reports/Bengal Crop Reports PNG/cg1914p2_folder_2\cg1914p2_page_692.png,8,1497,5489,1533,5489,1534,5549,1498,5549
300,../Crop_Reports/Bengal Crop Reports PNG/cg1914p2_folder_2\cg1914p2_page_692.png,8,1843,5492,1877,5492,1877,5551,1843,5551
301,../Crop_Reports/Bengal Crop Reports PNG/cg1914p2_folder_2\cg1914p2_page_692.png,fodder,3208,5652,3451,5653,3451,5717,3208,5716
302,../Crop_Reports/Bengal Crop Reports PNG/cg1914p2_folder_2\cg1914p2_page_692.png,18,3528,5669,3583,5669,3583,5713,3528,5713
0,../Crop_Reports/Bengal Crop Reports PNG/cg1914p2_folder_2\cg1914p2_page_693.png,1190,288,307,435,306,436,378,289,379
1,../Crop_Reports/Bengal Crop Reports PNG/cg1914p2_folder_2\cg1914p2_page_693.png,supplement,700,304,1255,308,1254,379,700,375
2,../Crop_Reports/Bengal Crop Reports PNG/cg1914p2_folder_2\cg1914p2_page_693.png,to,1296,308,1399,309,1399,376,1296,375
3,../Crop_Reports/Bengal Crop Reports PNG/cg1914p2_folder_2\cg1914p2_page_693.png,the,1436,305,1611,306,1611,374,1436,373
4,../Crop_Reports/Bengal Crop Reports PNG/cg1914p2_folder_2\cg1914p2_page_693.png,calcutta,1652,306,2087,309,2086,381,1651,378
5,../Crop_Reports/Bengal Crop Reports PNG/cg1914p2_folder_2\cg1914p2_page_693.png,ga,2128,310,2235,311,2235,378,2128,377
6,../Crop_Reports/Bengal Crop Reports PNG/cg1914p2_folder_2\cg1914p2_page_693.png,zette,2248,307,2531,309,2530,388,2247,386
7,../Crop_Reports/Bengal Crop Reports PNG/cg1914p2_folder_2\cg1914p2_page_693.png,august,2568,309,2907,311,2906,390,2567,388
8,../Crop_Reports/Bengal Crop Reports PNG/cg1914p2_folder_2\cg1914p2_page_693.png,12,2944,315,3035,316,3034,392,2943,391
9,../Crop_Reports/Bengal Crop Reports PNG/cg1914p2_folder_2\cg1914p2_page_693.png,1914.,3076,316,3239,317,3238,389,3075,388
10,../Crop_Reports/Bengal Crop Reports PNG/cg1914p2_folder_2\cg1914p2_page_693.png,pal,1320,544,1405,545,1404,584,1319,583
11,../Crop_Reports/Bengal Crop Reports PNG/cg1914p2_folder_2\cg1914p2_page_693.png,e,1428,546,1465,547,1464,586,1427,585
12,../Crop_Reports/Bengal Crop Reports PNG/cg1914p2_folder_2\cg1914p2_page_693.png,or,1468,546,1519,547,1518,586,1467,585
13,../Crop_Reports/Bengal Crop Reports PNG/cg1914p2_folder_2\cg1914p2_page_693.png,gommon,1528,547,1713,550,1712,590,1527,587
14,../Crop_Reports/Bengal Crop Reports PNG/cg1914p2_folder_2\cg1914p2_page_693.png,rioe,1722,550,1859,552,1858,591,1721,589
15,../Crop_Reports/Bengal Crop Reports PNG/cg1914p2_folder_2\cg1914p2_page_693.png,ik,1862,552,1905,553,1904,593,1861,592
16,../Crop_Reports/Bengal Crop Reports PNG/cg1914p2_folder_2\cg1914p2_page_693.png,orbu,1406,596,1541,596,1541,635,1406,635
17,../Crop_Reports/Bengal Crop Reports PNG/cg1914p2_folder_2\cg1914p2_page_693.png,prh,1562,596,1641,596,1641,629,1562,629
18,../Crop_Reports/Bengal Crop Reports PNG/cg1914p2_folder_2\cg1914p2_page_693.png,koper,1664,596,1810,596,1810,635,1664,635
19,../Crop_Reports/Bengal Crop Reports PNG/cg1914p2_folder_2\cg1914p2_page_693.png,berlal,308,625,419,620,421,660,310,665
20,../Crop_Reports/Bengal Crop Reports PNG/cg1914p2_folder_2\cg1914p2_page_693.png,no,333,668,396,668,396,708,333,708
21,../Crop_Reports/Bengal Crop Reports PNG/cg1914p2_folder_2\cg1914p2_page_693.png,imatrlotu,586,614,747,616,746,658,585,656
22,../Crop_Reports/Bengal Crop Reports PNG/cg1914p2_folder_2\cg1914p2_page_693.png,and,760,616,827,617,827,655,760,654
23,../Crop_Reports/Bengal Crop Reports PNG/cg1914p2_folder_2\cg1914p2_page_693.png,sttbti,582,664,685,664,685,699,582,699
24,../Crop_Reports/Bengal Crop Reports PNG/cg1914p2_folder_2\cg1914p2_page_693.png,risiona.,692,666,827,666,827,699,692,699
25,../Crop_Reports/Bengal Crop Reports PNG/cg1914p2_folder_2\cg1914p2_page_693.png,rainfall,1028,636,1179,636,1179,669,1028,669
26,../Crop_Reports/Bengal Crop Reports PNG/cg1914p2_folder_2\cg1914p2_page_693.png,ohamater,2308,640,2497,643,2496,680,2307,677
27,../Crop_Reports/Bengal Crop Reports PNG/cg1914p2_folder_2\cg1914p2_page_693.png,of,2506,645,2543,646,2543,681,2506,680
28,../Crop_Reports/Bengal Crop Reports PNG/cg1914p2_folder_2\cg1914p2_page_693.png,the,2558,644,2619,645,2618,686,2557,685
29,../Crop_Reports/Bengal Crop Reports PNG/cg1914p2_folder_2\cg1914p2_page_693.png,wentber,2634,644,2799,646,2798,688,2633,686
30,../Crop_Reports/Bengal Crop Reports PNG/cg1914p2_folder_2\cg1914p2_page_693.png,aondition,2812,647,2991,649,2990,686,2811,684
31,../Crop_Reports/Bengal Crop Reports PNG/cg1914p2_folder_2\cg1914p2_page_693.png,of,3008,650,3045,651,3044,688,3007,687
32,../Crop_Reports/Bengal Crop Reports PNG/cg1914p2_folder_2\cg1914p2_page_693.png,orope,3058,656,3171,658,3170,694,3058,692
33,../Crop_Reports/Bengal Crop Reports PNG/cg1914p2_folder_2\cg1914p2_page_693.png,te,3178,648,3263,649,3262,696,3177,695
34,../Crop_Reports/Bengal Crop Reports PNG/cg1914p2_folder_2\cg1914p2_page_693.png,thla,1327,720,1419,720,1419,763,1327,763
35,../Crop_Reports/Bengal Crop Reports PNG/cg1914p2_folder_2\cg1914p2_page_693.png,woee,1423,720,1523,720,1523,763,1423,763
36,../Crop_Reports/Bengal Crop Reports PNG/cg1914p2_folder_2\cg1914p2_page_693.png,pravious,1622,722,1788,722,1788,759,1622,759
37,../Crop_Reports/Bengal Crop Reports PNG/cg1914p2_folder_2\cg1914p2_page_693.png,weok,1810,728,1899,728,1899,761,1810,761
38,../Crop_Reports/Bengal Crop Reports PNG/cg1914p2_folder_2\cg1914p2_page_693.png,!,1951,720,1969,720,1969,763,1951,763
39,../Crop_Reports/Bengal Crop Reports PNG/cg1914p2_folder_2\cg1914p2_page_693.png,1,366,874,385,874,385,913,366,913
40,../Crop_Reports/Bengal Crop Reports PNG/cg1914p2_folder_2\cg1914p2_page_693.png,inches,996,1048,1231,1048,1231,1111,996,1111
41,../Crop_Reports/Bengal Crop Reports PNG/cg1914p2_folder_2\cg1914p2_page_693.png,7,1440,1204,1467,1204,1467,1271,1440,1271
42,../Crop_Reports/Bengal Crop Reports PNG/cg1914p2_folder_2\cg1914p2_page_693.png,7,1872,1205,1931,1205,1930,1284,1871,1284
43,../Crop_Reports/Bengal Crop Reports PNG/cg1914p2_folder_2\cg1914p2_page_693.png,.weather,1964,1213,2301,1216,2301,1278,1964,1275
44,../Crop_Reports/Bengal Crop Reports PNG/cg1914p2_folder_2\cg1914p2_page_693.png,seagonable.,2352,1216,2739,1219,2738,1283,2352,1280
45,../Crop_Reports/Bengal Crop Reports PNG/cg1914p2_folder_2\cg1914p2_page_693.png,more,2818,1219,2989,1220,2989,1282,2818,1281
46,../Crop_Reports/Bengal Crop Reports PNG/cg1914p2_folder_2\cg1914p2_page_693.png,rain,3048,1223,3185,1224,3185,1284,3048,1283
47,../Crop_Reports/Bengal Crop Reports PNG/cg1914p2_folder_2\cg1914p2_page_693.png,is,3248,1223,3307,1223,3307,1284,3248,1284
48,../Crop_Reports/Bengal Crop Reports PNG/cg1914p2_folder_2\cg1914p2_page_693.png,still,3370,1220,3513,1221,3513,1284,3370,1283
49,../Crop_Reports/Bengal Crop Reports PNG/cg1914p2_folder_2\cg1914p2_page_693.png,wantod.,2048,1292,2319,1295,2318,1359,2047,1356
50,../Crop_Reports/Bengal Crop Reports PNG/cg1914p2_folder_2\cg1914p2_page_693.png,prospects,2424,1296,2759,1300,2758,1376,2423,1372
51,../Crop_Reports/Bengal Crop Reports PNG/cg1914p2_folder_2\cg1914p2_page_693.png,of,2812,1301,2875,1302,2874,1362,2811,1361
52,../Crop_Reports/Bengal Crop Reports PNG/cg1914p2_folder_2\cg1914p2_page_693.png,standng,2944,1303,3247,1307,3246,1379,2943,1375
53,../Crop_Reports/Bengal Crop Reports PNG/cg1914p2_folder_2\cg1914p2_page_693.png,crops,3328,1316,3511,1318,3510,1386,3327,1384
54,../Crop_Reports/Bengal Crop Reports PNG/cg1914p2_folder_2\cg1914p2_page_693.png,havo,2052,1376,2207,1377,2207,1436,2052,1435
55,../Crop_Reports/Bengal Crop Reports PNG/cg1914p2_folder_2\cg1914p2_page_693.png,improved.,2240,1369,2599,1372,2598,1456,2239,1453
56,../Crop_Reports/Bengal Crop Reports PNG/cg1914p2_folder_2\cg1914p2_page_693.png,hurvesting,2672,1380,3063,1383,3062,1459,2671,1456
57,../Crop_Reports/Bengal Crop Reports PNG/cg1914p2_folder_2\cg1914p2_page_693.png,of,3108,1384,3171,1384,3171,1443,3108,1443
58,../Crop_Reports/Bengal Crop Reports PNG/cg1914p2_folder_2\cg1914p2_page_693.png,jute,3208,1376,3351,1377,3350,1461,3207,1460
59,../Crop_Reports/Bengal Crop Reports PNG/cg1914p2_folder_2\cg1914p2_page_693.png,and,3384,1378,3511,1379,3510,1463,3383,1462
60,../Crop_Reports/Bengal Crop Reports PNG/cg1914p2_folder_2\cg1914p2_page_693.png,;,2024,1454,2077,1454,2077,1535,2024,1535
61,../Crop_Reports/Bengal Crop Reports PNG/cg1914p2_folder_2\cg1914p2_page_693.png,bhadoi,2082,1454,2297,1454,2297,1535,2082,1535
62,../Crop_Reports/Bengal Crop Reports PNG/cg1914p2_folder_2\cg1914p2_page_693.png,parldy,2310,1460,2519,1460,2519,1535,2310,1535
63,../Crop_Reports/Bengal Crop Reports PNG/cg1914p2_folder_2\cg1914p2_page_693.png,continues.,2550,1468,2903,1468,2903,1525,2550,1525
64,../Crop_Reports/Bengal Crop Reports PNG/cg1914p2_folder_2\cg1914p2_page_693.png,stocks,2982,1454,3225,1454,3225,1525,2982,1525
65,../Crop_Reports/Bengal Crop Reports PNG/cg1914p2_folder_2\cg1914p2_page_693.png,of,3244,1462,3309,1462,3309,1523,3244,1523
66,../Crop_Reports/Bengal Crop Reports PNG/cg1914p2_folder_2\cg1914p2_page_693.png,food-,3338,1458,3505,1458,3505,1525,3338,1525
67,../Crop_Reports/Bengal Crop Reports PNG/cg1914p2_folder_2\cg1914p2_page_693.png,grains,2048,1558,2261,1557,2261,1614,2048,1615
68,../Crop_Reports/Bengal Crop Reports PNG/cg1914p2_folder_2\cg1914p2_page_693.png,and,2338,1542,2463,1541,2463,1603,2338,1604
69,../Crop_Reports/Bengal Crop Reports PNG/cg1914p2_folder_2\cg1914p2_page_693.png,fodder,2530,1542,2749,1541,2749,1606,2530,1607
70,../Crop_Reports/Bengal Crop Reports PNG/cg1914p2_folder_2\cg1914p2_page_693.png,are,2812,1564,2915,1564,2915,1607,2812,1607
71,../Crop_Reports/Bengal Crop Reports PNG/cg1914p2_folder_2\cg1914p2_page_693.png,sufficient.,2982,1545,3317,1543,3317,1607,2982,1609
72,../Crop_Reports/Bengal Crop Reports PNG/cg1914p2_folder_2\cg1914p2_page_693.png,no,3406,1541,3505,1541,3505,1608,3406,1608
73,../Crop_Reports/Bengal Crop Reports PNG/cg1914p2_folder_2\cg1914p2_page_693.png,cattle-disease,2046,1610,2503,1617,2502,1689,2045,1682
74,../Crop_Reports/Bengal Crop Reports PNG/cg1914p2_folder_2\cg1914p2_page_693.png,is,2532,1621,2589,1622,2588,1684,2531,1683
75,../Crop_Reports/Bengal Crop Reports PNG/cg1914p2_folder_2\cg1914p2_page_693.png,reported.,2616,1620,2927,1625,2926,1703,2615,1698
76,../Crop_Reports/Bengal Crop Reports PNG/cg1914p2_folder_2\cg1914p2_page_693.png,2:33,1074,1210,1199,1211,1198,1270,1073,1269
77,../Crop_Reports/Bengal Crop Reports PNG/cg1914p2_folder_2\cg1914p2_page_693.png,12,338,1218,409,1218,409,1283,338,1283
78,../Crop_Reports/Bengal Crop Reports PNG/cg1914p2_folder_2\cg1914p2_page_693.png,rajshahi,490,1226,829,1226,829,1285,490,1285
79,../Crop_Reports/Bengal Crop Reports PNG/cg1914p2_folder_2\cg1914p2_page_693.png,(rampur-,532,1303,867,1291,869,1363,534,1375
80,../Crop_Reports/Bengal Crop Reports PNG/cg1914p2_folder_2\cg1914p2_page_693.png,boalia),536,1372,811,1368,812,1451,537,1455
81,../Crop_Reports/Bengal Crop Reports PNG/cg1914p2_folder_2\cg1914p2_page_693.png,naoguon,484,1544,775,1544,775,1619,484,1619
82,../Crop_Reports/Bengal Crop Reports PNG/cg1914p2_folder_2\cg1914p2_page_693.png,1-88,1074,1537,1196,1536,1196,1597,1074,1598
83,../Crop_Reports/Bengal Crop Reports PNG/cg1914p2_folder_2\cg1914p2_page_693.png,nator,484,1704,679,1704,679,1767,484,1767
84,../Crop_Reports/Bengal Crop Reports PNG/cg1914p2_folder_2\cg1914p2_page_693.png,3:79,1070,1698,1199,1694,1201,1757,1072,1761
85,../Crop_Reports/Bengal Crop Reports PNG/cg1914p2_folder_2\cg1914p2_page_693.png,6.,1820,1700,1851,1700,1852,1759,1821,1759
86,../Crop_Reports/Bengal Crop Reports PNG/cg1914p2_folder_2\cg1914p2_page_693.png,1.06,1076,1860,1199,1859,1200,1922,1077,1923
87,../Crop_Reports/Bengal Crop Reports PNG/cg1914p2_folder_2\cg1914p2_page_693.png,64,1436,1856,1503,1856,1503,1927,1436,1927
88,../Crop_Reports/Bengal Crop Reports PNG/cg1914p2_folder_2\cg1914p2_page_693.png,weather,2002,1863,2298,1865,2298,1925,2002,1923
89,../Crop_Reports/Bengal Crop Reports PNG/cg1914p2_folder_2\cg1914p2_page_693.png,seanonable.,2338,1865,2724,1868,2724,1930,2338,1927
90,../Crop_Reports/Bengal Crop Reports PNG/cg1914p2_folder_2\cg1914p2_page_693.png,winter,2050,1952,2281,1954,2280,2007,2050,2005
91,../Crop_Reports/Bengal Crop Reports PNG/cg1914p2_folder_2\cg1914p2_page_693.png,rice,2323,1960,2449,1961,2449,2005,2323,2004
92,../Crop_Reports/Bengal Crop Reports PNG/cg1914p2_folder_2\cg1914p2_page_693.png,in,2521,1953,2594,1954,2593,2020,2520,2019
93,../Crop_Reports/Bengal Crop Reports PNG/cg1914p2_folder_2\cg1914p2_page_693.png,going,2614,1954,2807,1956,2806,2022,2613,2020
94,../Crop_Reports/Bengal Crop Reports PNG/cg1914p2_folder_2\cg1914p2_page_693.png,on,2859,1965,2938,1966,2938,2010,2859,2009
95,../Crop_Reports/Bengal Crop Reports PNG/cg1914p2_folder_2\cg1914p2_page_693.png,wanted,2052,2028,2297,2028,2297,2087,2052,2087
96,../Crop_Reports/Bengal Crop Reports PNG/cg1914p2_folder_2\cg1914p2_page_693.png,inenced,2052,2120,2307,2120,2307,2171,2052,2171
97,../Crop_Reports/Bengal Crop Reports PNG/cg1914p2_folder_2\cg1914p2_page_693.png,in,2364,2128,2427,2128,2427,2171,2364,2171
98,../Crop_Reports/Bengal Crop Reports PNG/cg1914p2_folder_2\cg1914p2_page_693.png,baturghat.,2488,2104,2855,2104,2855,2187,2488,2187
99,../Crop_Reports/Bengal Crop Reports PNG/cg1914p2_folder_2\cg1914p2_page_693.png,cattle-disease,2932,2104,3403,2104,3403,2175,2932,2175
100,../Crop_Reports/Bengal Crop Reports PNG/cg1914p2_folder_2\cg1914p2_page_693.png,is,3460,2112,3511,2112,3511,2175,3460,2175
101,../Crop_Reports/Bengal Crop Reports PNG/cg1914p2_folder_2\cg1914p2_page_693.png,reported,2048,2190,2335,2190,2335,2265,2048,2265
102,../Crop_Reports/Bengal Crop Reports PNG/cg1914p2_folder_2\cg1914p2_page_693.png,from,2384,2190,2543,2190,2543,2251,2384,2251
103,../Crop_Reports/Bengal Crop Reports PNG/cg1914p2_folder_2\cg1914p2_page_693.png,balurghat,2602,2182,2947,2182,2947,2269,2602,2269
104,../Crop_Reports/Bengal Crop Reports PNG/cg1914p2_folder_2\cg1914p2_page_693.png,and,3010,2190,3129,2190,3129,2255,3010,2255
105,../Crop_Reports/Bengal Crop Reports PNG/cg1914p2_folder_2\cg1914p2_page_693.png,phulburi,3204,2190,3511,2190,3511,2255,3204,2255
106,../Crop_Reports/Bengal Crop Reports PNG/cg1914p2_folder_2\cg1914p2_page_693.png,thanas.,2048,2264,2287,2264,2287,2329,2048,2329
107,../Crop_Reports/Bengal Crop Reports PNG/cg1914p2_folder_2\cg1914p2_page_693.png,transplantation,2828,1863,3387,1865,3387,1941,2828,1939
108,../Crop_Reports/Bengal Crop Reports PNG/cg1914p2_folder_2\cg1914p2_page_693.png,of,3452,1866,3515,1866,3515,1929,3452,1929
109,../Crop_Reports/Bengal Crop Reports PNG/cg1914p2_folder_2\cg1914p2_page_693.png,more,3034,1942,3213,1946,3211,2014,3032,2010
110,../Crop_Reports/Bengal Crop Reports PNG/cg1914p2_folder_2\cg1914p2_page_693.png,rain,3267,1966,3406,1969,3405,2012,3266,2009
111,../Crop_Reports/Bengal Crop Reports PNG/cg1914p2_folder_2\cg1914p2_page_693.png,is,3458,1952,3517,1953,3516,2010,3457,2009
112,../Crop_Reports/Bengal Crop Reports PNG/cg1914p2_folder_2\cg1914p2_page_693.png,harvesting,2424,2028,2813,2030,2813,2104,2424,2102
113,../Crop_Reports/Bengal Crop Reports PNG/cg1914p2_folder_2\cg1914p2_page_693.png,of,2868,2027,2931,2027,2931,2090,2868,2090
114,../Crop_Reports/Bengal Crop Reports PNG/cg1914p2_folder_2\cg1914p2_page_693.png,jute,2982,2031,3115,2032,3115,2105,2982,2104
115,../Crop_Reports/Bengal Crop Reports PNG/cg1914p2_folder_2\cg1914p2_page_693.png,has,3174,2030,3283,2031,3283,2091,3174,2090
116,../Crop_Reports/Bengal Crop Reports PNG/cg1914p2_folder_2\cg1914p2_page_693.png,com-,3348,2045,3509,2046,3509,2094,3348,2093
117,../Crop_Reports/Bengal Crop Reports PNG/cg1914p2_folder_2\cg1914p2_page_693.png,13,342,1873,407,1872,408,1935,343,1936
118,../Crop_Reports/Bengal Crop Reports PNG/cg1914p2_folder_2\cg1914p2_page_693.png,dinajpur,444,1864,825,1857,826,1930,445,1937
119,../Crop_Reports/Bengal Crop Reports PNG/cg1914p2_folder_2\cg1914p2_page_693.png,thakurgaon,480,2028,899,2028,899,2097,480,2097
120,../Crop_Reports/Bengal Crop Reports PNG/cg1914p2_folder_2\cg1914p2_page_693.png,3,1114,2015,1151,2015,1152,2090,1115,2090
121,../Crop_Reports/Bengal Crop Reports PNG/cg1914p2_folder_2\cg1914p2_page_693.png,14,1153,2015,1203,2014,1204,2089,1154,2090
122,../Crop_Reports/Bengal Crop Reports PNG/cg1914p2_folder_2\cg1914p2_page_693.png,6,1818,2022,1850,2022,1850,2081,1818,2081
123,../Crop_Reports/Bengal Crop Reports PNG/cg1914p2_folder_2\cg1914p2_page_693.png,balurghat,486,2188,835,2185,836,2261,487,2264
124,../Crop_Reports/Bengal Crop Reports PNG/cg1914p2_folder_2\cg1914p2_page_693.png,..,876,2228,941,2227,941,2243,876,2244
125,../Crop_Reports/Bengal Crop Reports PNG/cg1914p2_folder_2\cg1914p2_page_693.png,3.05,1072,2183,1199,2182,1200,2246,1073,2247
126,../Crop_Reports/Bengal Crop Reports PNG/cg1914p2_folder_2\cg1914p2_page_693.png,7,1440,2180,1467,2180,1466,2243,1439,2243
127,../Crop_Reports/Bengal Crop Reports PNG/cg1914p2_folder_2\cg1914p2_page_693.png,7,1820,2184,1847,2184,1847,2245,1820,2245
128,../Crop_Reports/Bengal Crop Reports PNG/cg1914p2_folder_2\cg1914p2_page_693.png,weather,2012,2512,2307,2515,2306,2579,2011,2576
129,../Crop_Reports/Bengal Crop Reports PNG/cg1914p2_folder_2\cg1914p2_page_693.png,cloudy,2336,2512,2571,2515,2570,2578,2335,2575
130,../Crop_Reports/Bengal Crop Reports PNG/cg1914p2_folder_2\cg1914p2_page_693.png,and,2600,2514,2727,2515,2726,2579,2599,2578
131,../Crop_Reports/Bengal Crop Reports PNG/cg1914p2_folder_2\cg1914p2_page_693.png,rainy.,2788,2532,2987,2534,2986,2590,2787,2588
132,../Crop_Reports/Bengal Crop Reports PNG/cg1914p2_folder_2\cg1914p2_page_693.png,prospects,3064,2515,3399,2519,3398,2595,3063,2591
133,../Crop_Reports/Bengal Crop Reports PNG/cg1914p2_folder_2\cg1914p2_page_693.png,of,3452,2516,3519,2517,3518,2580,3451,2579
134,../Crop_Reports/Bengal Crop Reports PNG/cg1914p2_folder_2\cg1914p2_page_693.png,bhudor,2056,2596,2287,2596,2287,2657,2056,2657
135,../Crop_Reports/Bengal Crop Reports PNG/cg1914p2_folder_2\cg1914p2_page_693.png,paddy,2318,2598,2525,2598,2525,2673,2318,2673
136,../Crop_Reports/Bengal Crop Reports PNG/cg1914p2_folder_2\cg1914p2_page_693.png,and,2558,2596,2683,2596,2683,2657,2558,2657
137,../Crop_Reports/Bengal Crop Reports PNG/cg1914p2_folder_2\cg1914p2_page_693.png,jute,2710,2604,2843,2604,2843,2673,2710,2673
138,../Crop_Reports/Bengal Crop Reports PNG/cg1914p2_folder_2\cg1914p2_page_693.png,are,2872,2592,2975,2592,2975,2661,2872,2661
139,../Crop_Reports/Bengal Crop Reports PNG/cg1914p2_folder_2\cg1914p2_page_693.png,fair.,3000,2598,3139,2598,3139,2659,3000,2659
140,../Crop_Reports/Bengal Crop Reports PNG/cg1914p2_folder_2\cg1914p2_page_693.png,harvest-,3220,2592,3521,2592,3521,2661,3220,2661
141,../Crop_Reports/Bengal Crop Reports PNG/cg1914p2_folder_2\cg1914p2_page_693.png,ing,2054,2694,2167,2695,2167,2744,2054,2743
142,../Crop_Reports/Bengal Crop Reports PNG/cg1914p2_folder_2\cg1914p2_page_693.png,of,2218,2676,2281,2677,2280,2740,2217,2739
143,../Crop_Reports/Bengal Crop Reports PNG/cg1914p2_folder_2\cg1914p2_page_693.png,bhador,2320,2672,2571,2674,2570,2742,2319,2740
144,../Crop_Reports/Bengal Crop Reports PNG/cg1914p2_folder_2\cg1914p2_page_693.png,paddy,2604,2677,2811,2679,2810,2755,2603,2753
145,../Crop_Reports/Bengal Crop Reports PNG/cg1914p2_folder_2\cg1914p2_page_693.png,and,2840,2678,2965,2679,2964,2740,2839,2739
146,../Crop_Reports/Bengal Crop Reports PNG/cg1914p2_folder_2\cg1914p2_page_693.png,jute,2994,2689,3129,2690,3128,2758,2993,2757
147,../Crop_Reports/Bengal Crop Reports PNG/cg1914p2_folder_2\cg1914p2_page_693.png,is,3162,2697,3211,2697,3211,2738,3162,2738
148,../Crop_Reports/Bengal Crop Reports PNG/cg1914p2_folder_2\cg1914p2_page_693.png,in,3236,2682,3311,2683,3310,2762,3235,2761
149,../Crop_Reports/Bengal Crop Reports PNG/cg1914p2_folder_2\cg1914p2_page_693.png,prog-,3338,2696,3523,2698,3522,2760,3337,2758
150,../Crop_Reports/Bengal Crop Reports PNG/cg1914p2_folder_2\cg1914p2_page_693.png,transplantation,2368,2755,2931,2751,2932,2835,2369,2839
151,../Crop_Reports/Bengal Crop Reports PNG/cg1914p2_folder_2\cg1914p2_page_693.png,of,2992,2752,3075,2751,3075,2822,2992,2823
152,../Crop_Reports/Bengal Crop Reports PNG/cg1914p2_folder_2\cg1914p2_page_693.png,haimanti,3180,2750,3519,2748,3520,2828,3181,2830
153,../Crop_Reports/Bengal Crop Reports PNG/cg1914p2_folder_2\cg1914p2_page_693.png,no,2812,2840,2909,2840,2909,2901,2812,2901
154,../Crop_Reports/Bengal Crop Reports PNG/cg1914p2_folder_2\cg1914p2_page_693.png,want,2964,2850,3133,2850,3133,2903,2964,2903
155,../Crop_Reports/Bengal Crop Reports PNG/cg1914p2_folder_2\cg1914p2_page_693.png,of,3188,2840,3251,2840,3251,2903,3188,2903
156,../Crop_Reports/Bengal Crop Reports PNG/cg1914p2_folder_2\cg1914p2_page_693.png,fodder,3296,2842,3517,2842,3517,2905,3296,2905
157,../Crop_Reports/Bengal Crop Reports PNG/cg1914p2_folder_2\cg1914p2_page_693.png,14,345,2525,407,2525,407,2584,345,2584
158,../Crop_Reports/Bengal Crop Reports PNG/cg1914p2_folder_2\cg1914p2_page_693.png,jalpaiguri,447,2512,880,2512,880,2584,447,2584
159,../Crop_Reports/Bengal Crop Reports PNG/cg1914p2_folder_2\cg1914p2_page_693.png,7:45,1076,2512,1199,2511,1200,2574,1077,2575
160,../Crop_Reports/Bengal Crop Reports PNG/cg1914p2_folder_2\cg1914p2_page_693.png,6%,1820,2511,1883,2510,1884,2577,1821,2578
161,../Crop_Reports/Bengal Crop Reports PNG/cg1914p2_folder_2\cg1914p2_page_693.png,alipur,484,2676,715,2676,715,2755,484,2755
162,../Crop_Reports/Bengal Crop Reports PNG/cg1914p2_folder_2\cg1914p2_page_693.png,5.95,1074,2676,1199,2675,1200,2736,1075,2737
163,../Crop_Reports/Bengal Crop Reports PNG/cg1914p2_folder_2\cg1914p2_page_693.png,54,1436,2671,1507,2672,1506,2745,1435,2744
164,../Crop_Reports/Bengal Crop Reports PNG/cg1914p2_folder_2\cg1914p2_page_693.png,ress.,2058,2771,2206,2780,2203,2829,2055,2820
165,../Crop_Reports/Bengal Crop Reports PNG/cg1914p2_folder_2\cg1914p2_page_693.png,puddy,2052,2836,2263,2839,2262,2914,2051,2911
166,../Crop_Reports/Bengal Crop Reports PNG/cg1914p2_folder_2\cg1914p2_page_693.png,1s,2300,2860,2359,2861,2358,2900,2299,2899
167,../Crop_Reports/Bengal Crop Reports PNG/cg1914p2_folder_2\cg1914p2_page_693.png,goiug,2384,2857,2583,2860,2582,2919,2383,2916
168,../Crop_Reports/Bengal Crop Reports PNG/cg1914p2_folder_2\cg1914p2_page_693.png,on,2632,2856,2711,2857,2710,2900,2631,2899
169,../Crop_Reports/Bengal Crop Reports PNG/cg1914p2_folder_2\cg1914p2_page_693.png,and,2052,2910,2175,2913,2173,2985,2050,2982
170,../Crop_Reports/Bengal Crop Reports PNG/cg1914p2_folder_2\cg1914p2_page_693.png,food-grans.,2198,2913,2605,2923,2603,3005,2196,2995
171,../Crop_Reports/Bengal Crop Reports PNG/cg1914p2_folder_2\cg1914p2_page_693.png,mousoon,2008,3164,2311,3166,2311,3229,2008,3227
172,../Crop_Reports/Bengal Crop Reports PNG/cg1914p2_folder_2\cg1914p2_page_693.png,18,2368,3186,2423,3186,2423,3229,2368,3229
173,../Crop_Reports/Bengal Crop Reports PNG/cg1914p2_folder_2\cg1914p2_page_693.png,well,2468,3162,2611,3163,2611,3227,2468,3226
174,../Crop_Reports/Bengal Crop Reports PNG/cg1914p2_folder_2\cg1914p2_page_693.png,established.,2640,3163,3047,3165,3047,3229,2640,3227
175,../Crop_Reports/Bengal Crop Reports PNG/cg1914p2_folder_2\cg1914p2_page_693.png,harvesting,3124,3162,3515,3164,3515,3240,3124,3238
176,../Crop_Reports/Bengal Crop Reports PNG/cg1914p2_folder_2\cg1914p2_page_693.png,of,2056,3250,2151,3250,2151,3317,2056,3317
177,../Crop_Reports/Bengal Crop Reports PNG/cg1914p2_folder_2\cg1914p2_page_693.png,maize,2184,3265,2381,3264,2381,3308,2184,3309
178,../Crop_Reports/Bengal Crop Reports PNG/cg1914p2_folder_2\cg1914p2_page_693.png,has,2446,3248,2555,3248,2555,3310,2446,3310
179,../Crop_Reports/Bengal Crop Reports PNG/cg1914p2_folder_2\cg1914p2_page_693.png,commenced.,2622,3249,3043,3247,3043,3307,2622,3309
180,../Crop_Reports/Bengal Crop Reports PNG/cg1914p2_folder_2\cg1914p2_page_693.png,being,2060,3328,2247,3328,2247,3403,2060,3403
181,../Crop_Reports/Bengal Crop Reports PNG/cg1914p2_folder_2\cg1914p2_page_693.png,transplanted.,2316,3328,2767,3328,2767,3399,2316,3399
182,../Crop_Reports/Bengal Crop Reports PNG/cg1914p2_folder_2\cg1914p2_page_693.png,prospects,2888,3324,3219,3324,3219,3403,2888,3403
183,../Crop_Reports/Bengal Crop Reports PNG/cg1914p2_folder_2\cg1914p2_page_693.png,of,3272,3328,3339,3328,3339,3391,3272,3391
184,../Crop_Reports/Bengal Crop Reports PNG/cg1914p2_folder_2\cg1914p2_page_693.png,jute,3388,3332,3523,3332,3523,3407,3388,3407
185,../Crop_Reports/Bengal Crop Reports PNG/cg1914p2_folder_2\cg1914p2_page_693.png,are,2052,3426,2157,3426,2157,3467,2052,3467
186,../Crop_Reports/Bengal Crop Reports PNG/cg1914p2_folder_2\cg1914p2_page_693.png,fair.,2186,3400,2327,3400,2327,3469,2186,3469
187,../Crop_Reports/Bengal Crop Reports PNG/cg1914p2_folder_2\cg1914p2_page_693.png,cattle-disease,2406,3400,2877,3400,2877,3469,2406,3469
188,../Crop_Reports/Bengal Crop Reports PNG/cg1914p2_folder_2\cg1914p2_page_693.png,1s,2910,3426,2963,3426,2963,3469,2910,3469
189,../Crop_Reports/Bengal Crop Reports PNG/cg1914p2_folder_2\cg1914p2_page_693.png,reported,3018,3400,3307,3400,3307,3483,3018,3483
190,../Crop_Reports/Bengal Crop Reports PNG/cg1914p2_folder_2\cg1914p2_page_693.png,from,3360,3400,3525,3400,3525,3471,3360,3471
191,../Crop_Reports/Bengal Crop Reports PNG/cg1914p2_folder_2\cg1914p2_page_693.png,the,2055,3489,2160,3489,2160,3549,2055,3549
192,../Crop_Reports/Bengal Crop Reports PNG/cg1914p2_folder_2\cg1914p2_page_693.png,teran,2216,3488,2393,3488,2393,3550,2216,3550
193,../Crop_Reports/Bengal Crop Reports PNG/cg1914p2_folder_2\cg1914p2_page_693.png,15,334,3160,443,3159,444,3234,335,3235
194,../Crop_Reports/Bengal Crop Reports PNG/cg1914p2_folder_2\cg1914p2_page_693.png,darjeel.ing,448,3159,903,3155,904,3231,449,3235
195,../Crop_Reports/Bengal Crop Reports PNG/cg1914p2_folder_2\cg1914p2_page_693.png,12-39,1040,3159,1199,3157,1200,3225,1041,3227
196,../Crop_Reports/Bengal Crop Reports PNG/cg1914p2_folder_2\cg1914p2_page_693.png,7,1440,3160,1471,3160,1471,3223,1440,3223
197,../Crop_Reports/Bengal Crop Reports PNG/cg1914p2_folder_2\cg1914p2_page_693.png,7,1824,3160,1855,3160,1855,3219,1824,3219
198,../Crop_Reports/Bengal Crop Reports PNG/cg1914p2_folder_2\cg1914p2_page_693.png,marua,3146,3248,3399,3250,3398,3311,3145,3309
199,../Crop_Reports/Bengal Crop Reports PNG/cg1914p2_folder_2\cg1914p2_page_693.png,is,3464,3249,3521,3250,3520,3309,3463,3308
200,../Crop_Reports/Bengal Crop Reports PNG/cg1914p2_folder_2\cg1914p2_page_693.png,kurseong,480,3328,815,3330,815,3406,480,3404
201,../Crop_Reports/Bengal Crop Reports PNG/cg1914p2_folder_2\cg1914p2_page_693.png,|,1010,3314,1055,3315,1053,3391,1008,3390
202,../Crop_Reports/Bengal Crop Reports PNG/cg1914p2_folder_2\cg1914p2_page_693.png,14:39,1043,3320,1201,3325,1199,3389,1041,3385
203,../Crop_Reports/Bengal Crop Reports PNG/cg1914p2_folder_2\cg1914p2_page_693.png,74,1824,3316,1891,3316,1892,3391,1825,3391
204,../Crop_Reports/Bengal Crop Reports PNG/cg1914p2_folder_2\cg1914p2_page_693.png,siliguri,480,3488,741,3488,741,3567,480,3567
205,../Crop_Reports/Bengal Crop Reports PNG/cg1914p2_folder_2\cg1914p2_page_693.png,4:17,1074,3488,1199,3486,1200,3551,1075,3553
206,../Crop_Reports/Bengal Crop Reports PNG/cg1914p2_folder_2\cg1914p2_page_693.png,fodder,2494,3490,2739,3491,2739,3552,2494,3551
207,../Crop_Reports/Bengal Crop Reports PNG/cg1914p2_folder_2\cg1914p2_page_693.png,and,2790,3489,2913,3489,2913,3551,2790,3551
208,../Crop_Reports/Bengal Crop Reports PNG/cg1914p2_folder_2\cg1914p2_page_693.png,water,2962,3485,3157,3486,3157,3554,2962,3553
209,../Crop_Reports/Bengal Crop Reports PNG/cg1914p2_folder_2\cg1914p2_page_693.png,are,3208,3507,3311,3507,3311,3554,3208,3554
210,../Crop_Reports/Bengal Crop Reports PNG/cg1914p2_folder_2\cg1914p2_page_693.png,suffi-,3356,3491,3521,3492,3521,3554,3356,3553
211,../Crop_Reports/Bengal Crop Reports PNG/cg1914p2_folder_2\cg1914p2_page_693.png,clent.,2092,3582,2239,3582,2239,3631,2092,3631
212,../Crop_Reports/Bengal Crop Reports PNG/cg1914p2_folder_2\cg1914p2_page_693.png,weather,2000,3812,2303,3813,2303,3876,2000,3875
213,../Crop_Reports/Bengal Crop Reports PNG/cg1914p2_folder_2\cg1914p2_page_693.png,cloudy.,2352,3813,2607,3814,2607,3890,2352,3889
214,../Crop_Reports/Bengal Crop Reports PNG/cg1914p2_folder_2\cg1914p2_page_693.png,harvesting,2712,3815,3107,3817,3107,3893,2712,3891
215,../Crop_Reports/Bengal Crop Reports PNG/cg1914p2_folder_2\cg1914p2_page_693.png,of,3156,3813,3223,3813,3223,3876,3156,3876
216,../Crop_Reports/Bengal Crop Reports PNG/cg1914p2_folder_2\cg1914p2_page_693.png,aus,3276,3830,3403,3831,3403,3878,3276,3877
217,../Crop_Reports/Bengal Crop Reports PNG/cg1914p2_folder_2\cg1914p2_page_693.png,is,3456,3815,3511,3815,3511,3878,3456,3878
218,../Crop_Reports/Bengal Crop Reports PNG/cg1914p2_folder_2\cg1914p2_page_693.png,nearly,2051,3897,2266,3897,2266,3974,2051,3974
219,../Crop_Reports/Bengal Crop Reports PNG/cg1914p2_folder_2\cg1914p2_page_693.png,fimshed.,2323,3892,2619,3892,2619,3959,2323,3959
220,../Crop_Reports/Bengal Crop Reports PNG/cg1914p2_folder_2\cg1914p2_page_693.png,steeping,2696,3896,3000,3896,3000,3972,2696,3972
221,../Crop_Reports/Bengal Crop Reports PNG/cg1914p2_folder_2\cg1914p2_page_693.png,and,3051,3892,3175,3892,3175,3959,3051,3959
222,../Crop_Reports/Bengal Crop Reports PNG/cg1914p2_folder_2\cg1914p2_page_693.png,washing,3218,3898,3510,3898,3510,3977,3218,3977
223,../Crop_Reports/Bengal Crop Reports PNG/cg1914p2_folder_2\cg1914p2_page_693.png,of,2035,3980,2147,3979,2147,4058,2035,4059
224,../Crop_Reports/Bengal Crop Reports PNG/cg1914p2_folder_2\cg1914p2_page_693.png,jute,2151,3979,2287,3978,2287,4058,2151,4059
225,../Crop_Reports/Bengal Crop Reports PNG/cg1914p2_folder_2\cg1914p2_page_693.png,and,2296,3982,2419,3981,2419,4041,2296,4042
226,../Crop_Reports/Bengal Crop Reports PNG/cg1914p2_folder_2\cg1914p2_page_693.png,transplantation,2452,3982,2983,3980,2983,4056,2452,4058
227,../Crop_Reports/Bengal Crop Reports PNG/cg1914p2_folder_2\cg1914p2_page_693.png,of,3016,3979,3079,3979,3079,4042,3016,4042
228,../Crop_Reports/Bengal Crop Reports PNG/cg1914p2_folder_2\cg1914p2_page_693.png,winter,3104,3983,3339,3982,3339,4041,3104,4042
229,../Crop_Reports/Bengal Crop Reports PNG/cg1914p2_folder_2\cg1914p2_page_693.png,rice,3380,3973,3511,3972,3511,4048,3380,4049
230,../Crop_Reports/Bengal Crop Reports PNG/cg1914p2_folder_2\cg1914p2_page_693.png,are,2046,4082,2147,4082,2147,4121,2046,4121
231,../Crop_Reports/Bengal Crop Reports PNG/cg1914p2_folder_2\cg1914p2_page_693.png,being,2206,4063,2397,4062,2397,4138,2206,4139
232,../Crop_Reports/Bengal Crop Reports PNG/cg1914p2_folder_2\cg1914p2_page_693.png,retarted,2450,4062,2721,4061,2721,4122,2450,4123
233,../Crop_Reports/Bengal Crop Reports PNG/cg1914p2_folder_2\cg1914p2_page_693.png,for,2780,4063,2875,4063,2875,4124,2780,4124
234,../Crop_Reports/Bengal Crop Reports PNG/cg1914p2_folder_2\cg1914p2_page_693.png,deficient,2900,4062,3201,4061,3201,4123,2900,4124
235,../Crop_Reports/Bengal Crop Reports PNG/cg1914p2_folder_2\cg1914p2_page_693.png,rainfull.,3232,4063,3509,4062,3509,4126,3232,4127
236,../Crop_Reports/Bengal Crop Reports PNG/cg1914p2_folder_2\cg1914p2_page_693.png,prospects,2048,4144,2379,4142,2379,4217,2048,4219
237,../Crop_Reports/Bengal Crop Reports PNG/cg1914p2_folder_2\cg1914p2_page_693.png,of,2408,4142,2471,4142,2471,4205,2408,4205
238,../Crop_Reports/Bengal Crop Reports PNG/cg1914p2_folder_2\cg1914p2_page_693.png,standng,2500,4145,2803,4143,2803,4223,2500,4225
239,../Crop_Reports/Bengal Crop Reports PNG/cg1914p2_folder_2\cg1914p2_page_693.png,crops,2828,4163,3011,4162,3011,4221,2828,4222
240,../Crop_Reports/Bengal Crop Reports PNG/cg1914p2_folder_2\cg1914p2_page_693.png,ure,3036,4162,3143,4161,3143,4204,3036,4205
241,../Crop_Reports/Bengal Crop Reports PNG/cg1914p2_folder_2\cg1914p2_page_693.png,unfavour-,3172,4141,3511,4139,3511,4207,3172,4209
242,../Crop_Reports/Bengal Crop Reports PNG/cg1914p2_folder_2\cg1914p2_page_693.png,able.,2044,4218,2227,4218,2227,4287,2044,4287
243,../Crop_Reports/Bengal Crop Reports PNG/cg1914p2_folder_2\cg1914p2_page_693.png,stocks,2278,4226,2505,4226,2505,4287,2278,4287
244,../Crop_Reports/Bengal Crop Reports PNG/cg1914p2_folder_2\cg1914p2_page_693.png,of,2534,4224,2597,4224,2597,4283,2534,4283
245,../Crop_Reports/Bengal Crop Reports PNG/cg1914p2_folder_2\cg1914p2_page_693.png,food-grains,2648,4218,3057,4218,3057,4303,2648,4303
246,../Crop_Reports/Bengal Crop Reports PNG/cg1914p2_folder_2\cg1914p2_page_693.png,fodder,3114,4224,3335,4224,3335,4287,3114,4287
247,../Crop_Reports/Bengal Crop Reports PNG/cg1914p2_folder_2\cg1914p2_page_693.png,and,3384,4226,3505,4226,3505,4289,3384,4289
248,../Crop_Reports/Bengal Crop Reports PNG/cg1914p2_folder_2\cg1914p2_page_693.png,water,2046,4312,2241,4311,2241,4368,2046,4369
249,../Crop_Reports/Bengal Crop Reports PNG/cg1914p2_folder_2\cg1914p2_page_693.png,are,2266,4326,2369,4326,2369,4370,2266,4370
250,../Crop_Reports/Bengal Crop Reports PNG/cg1914p2_folder_2\cg1914p2_page_693.png,sufficient,2398,4308,2713,4307,2713,4371,2398,4372
251,../Crop_Reports/Bengal Crop Reports PNG/cg1914p2_folder_2\cg1914p2_page_693.png,16,336,3822,403,3821,404,3884,337,3885
252,../Crop_Reports/Bengal Crop Reports PNG/cg1914p2_folder_2\cg1914p2_page_693.png,rangpur,444,3808,801,3802,802,3884,445,3890
253,../Crop_Reports/Bengal Crop Reports PNG/cg1914p2_folder_2\cg1914p2_page_693.png,2:17,1076,3815,1199,3814,1199,3878,1076,3879
254,../Crop_Reports/Bengal Crop Reports PNG/cg1914p2_folder_2\cg1914p2_page_693.png,6,1436,3811,1469,3811,1470,3871,1437,3871
255,../Crop_Reports/Bengal Crop Reports PNG/cg1914p2_folder_2\cg1914p2_page_693.png,nilphamur,476,3979,875,3976,875,4056,477,4059
256,../Crop_Reports/Bengal Crop Reports PNG/cg1914p2_folder_2\cg1914p2_page_693.png,2-37,1074,3976,1201,3975,1201,4046,1074,4047
257,../Crop_Reports/Bengal Crop Reports PNG/cg1914p2_folder_2\cg1914p2_page_693.png,kurgram,472,4140,819,4144,818,4224,471,4220
258,../Crop_Reports/Bengal Crop Reports PNG/cg1914p2_folder_2\cg1914p2_page_693.png,109,1076,4148,1199,4146,1200,4209,1077,4211
259,../Crop_Reports/Bengal Crop Reports PNG/cg1914p2_folder_2\cg1914p2_page_693.png,6,1438,4140,1469,4140,1469,4201,1438,4201
260,../Crop_Reports/Bengal Crop Reports PNG/cg1914p2_folder_2\cg1914p2_page_693.png,6,1817,4142,1847,4142,1847,4197,1817,4197
261,../Crop_Reports/Bengal Crop Reports PNG/cg1914p2_folder_2\cg1914p2_page_693.png,gaibanda,470,4305,799,4303,799,4367,470,4369
262,../Crop_Reports/Bengal Crop Reports PNG/cg1914p2_folder_2\cg1914p2_page_693.png,3.60,1072,4307,1199,4306,1200,4370,1073,4371
263,../Crop_Reports/Bengal Crop Reports PNG/cg1914p2_folder_2\cg1914p2_page_693.png,54,1434,4304,1501,4305,1500,4374,1433,4373
264,../Crop_Reports/Bengal Crop Reports PNG/cg1914p2_folder_2\cg1914p2_page_693.png,weather,2004,4634,2296,4634,2296,4717,2004,4717
265,../Crop_Reports/Bengal Crop Reports PNG/cg1914p2_folder_2\cg1914p2_page_693.png,partially,2386,4633,2688,4633,2688,4711,2386,4711
266,../Crop_Reports/Bengal Crop Reports PNG/cg1914p2_folder_2\cg1914p2_page_693.png,cloudy,2756,4631,2991,4631,2991,4717,2756,4717
267,../Crop_Reports/Bengal Crop Reports PNG/cg1914p2_folder_2\cg1914p2_page_693.png,and,3081,4633,3204,4633,3204,4717,3081,4717
268,../Crop_Reports/Bengal Crop Reports PNG/cg1914p2_folder_2\cg1914p2_page_693.png,rainy.,3301,4623,3503,4623,3503,4717,3301,4717
269,../Crop_Reports/Bengal Crop Reports PNG/cg1914p2_folder_2\cg1914p2_page_693.png,more,2044,4716,2215,4716,2215,4779,2044,4779
270,../Crop_Reports/Bengal Crop Reports PNG/cg1914p2_folder_2\cg1914p2_page_693.png,rain,2272,4708,2415,4708,2415,4779,2272,4779
271,../Crop_Reports/Bengal Crop Reports PNG/cg1914p2_folder_2\cg1914p2_page_693.png,1s,2452,4732,2511,4732,2511,4779,2452,4779
272,../Crop_Reports/Bengal Crop Reports PNG/cg1914p2_folder_2\cg1914p2_page_693.png,urgently,2568,4708,2867,4708,2867,4791,2568,4791
273,../Crop_Reports/Bengal Crop Reports PNG/cg1914p2_folder_2\cg1914p2_page_693.png,wanted.,2924,4708,3199,4708,3199,4779,2924,4779
274,../Crop_Reports/Bengal Crop Reports PNG/cg1914p2_folder_2\cg1914p2_page_693.png,trans-,3276,4708,3515,4708,3515,4779,3276,4779
275,../Crop_Reports/Bengal Crop Reports PNG/cg1914p2_folder_2\cg1914p2_page_693.png,plantation,2043,4800,2399,4802,2399,4876,2043,4874
276,../Crop_Reports/Bengal Crop Reports PNG/cg1914p2_folder_2\cg1914p2_page_693.png,of,2434,4798,2497,4798,2497,4876,2434,4876
277,../Crop_Reports/Bengal Crop Reports PNG/cg1914p2_folder_2\cg1914p2_page_693.png,winter,2552,4807,2784,4808,2784,4861,2552,4860
278,../Crop_Reports/Bengal Crop Reports PNG/cg1914p2_folder_2\cg1914p2_page_693.png,rice,2824,4800,2949,4801,2949,4861,2824,4860
279,../Crop_Reports/Bengal Crop Reports PNG/cg1914p2_folder_2\cg1914p2_page_693.png,is,2990,4801,3043,4801,3043,4860,2990,4860
280,../Crop_Reports/Bengal Crop Reports PNG/cg1914p2_folder_2\cg1914p2_page_693.png,progressing,3099,4801,3509,4803,3509,4881,3099,4879
281,../Crop_Reports/Bengal Crop Reports PNG/cg1914p2_folder_2\cg1914p2_page_693.png,briskly.,2048,4872,2319,4872,2319,4955,2048,4955
282,../Crop_Reports/Bengal Crop Reports PNG/cg1914p2_folder_2\cg1914p2_page_693.png,harvesting,2396,4876,2795,4876,2795,4955,2396,4955
283,../Crop_Reports/Bengal Crop Reports PNG/cg1914p2_folder_2\cg1914p2_page_693.png,of,2860,4880,2923,4880,2923,4939,2860,4939
284,../Crop_Reports/Bengal Crop Reports PNG/cg1914p2_folder_2\cg1914p2_page_693.png,jute,2972,4872,3123,4872,3123,4955,2972,4955
285,../Crop_Reports/Bengal Crop Reports PNG/cg1914p2_folder_2\cg1914p2_page_693.png,has,3164,4872,3275,4872,3275,4943,3164,4943
286,../Crop_Reports/Bengal Crop Reports PNG/cg1914p2_folder_2\cg1914p2_page_693.png,been,3344,4872,3507,4872,3507,4939,3344,4939
287,../Crop_Reports/Bengal Crop Reports PNG/cg1914p2_folder_2\cg1914p2_page_693.png,much,2048,4962,2231,4962,2231,5023,2048,5023
288,../Crop_Reports/Bengal Crop Reports PNG/cg1914p2_folder_2\cg1914p2_page_693.png,retarded,2292,4958,2581,4958,2581,5021,2292,5021
289,../Crop_Reports/Bengal Crop Reports PNG/cg1914p2_folder_2\cg1914p2_page_693.png,owing,2626,4978,2841,4978,2841,5033,2626,5033
290,../Crop_Reports/Bengal Crop Reports PNG/cg1914p2_folder_2\cg1914p2_page_693.png,to,2889,4956,2963,4956,2963,5031,2889,5031
291,../Crop_Reports/Bengal Crop Reports PNG/cg1914p2_folder_2\cg1914p2_page_693.png,abnormal,2993,4956,3353,4956,3353,5031,2993,5031
292,../Crop_Reports/Bengal Crop Reports PNG/cg1914p2_folder_2\cg1914p2_page_693.png,fall,3394,4958,3511,4958,3511,5021,3394,5021
293,../Crop_Reports/Bengal Crop Reports PNG/cg1914p2_folder_2\cg1914p2_page_693.png,in,2039,5042,2143,5042,2143,5117,2039,5117
294,../Crop_Reports/Bengal Crop Reports PNG/cg1914p2_folder_2\cg1914p2_page_693.png,the,2144,5044,2249,5044,2249,5103,2144,5103
295,../Crop_Reports/Bengal Crop Reports PNG/cg1914p2_folder_2\cg1914p2_page_693.png,price,2284,5060,2455,5060,2455,5119,2284,5119
296,../Crop_Reports/Bengal Crop Reports PNG/cg1914p2_folder_2\cg1914p2_page_693.png,of,2486,5042,2549,5042,2549,5101,2486,5101
297,../Crop_Reports/Bengal Crop Reports PNG/cg1914p2_folder_2\cg1914p2_page_693.png,jute.,2576,5042,2729,5042,2729,5119,2576,5119
298,../Crop_Reports/Bengal Crop Reports PNG/cg1914p2_folder_2\cg1914p2_page_693.png,jute,2806,5042,2957,5042,2957,5103,2806,5103
299,../Crop_Reports/Bengal Crop Reports PNG/cg1914p2_folder_2\cg1914p2_page_693.png,growers,2986,5058,3263,5058,3263,5119,2986,5119
300,../Crop_Reports/Bengal Crop Reports PNG/cg1914p2_folder_2\cg1914p2_page_693.png,do,3290,5042,3371,5042,3371,5101,3290,5101
301,../Crop_Reports/Bengal Crop Reports PNG/cg1914p2_folder_2\cg1914p2_page_693.png,not,3396,5046,3509,5046,3509,5101,3396,5101
302,../Crop_Reports/Bengal Crop Reports PNG/cg1914p2_folder_2\cg1914p2_page_693.png,care,2044,5144,2180,5144,2180,5191,2044,5191
303,../Crop_Reports/Bengal Crop Reports PNG/cg1914p2_folder_2\cg1914p2_page_693.png,to,2212,5136,2279,5136,2279,5187,2212,5187
304,../Crop_Reports/Bengal Crop Reports PNG/cg1914p2_folder_2\cg1914p2_page_693.png,incur,2308,5124,2495,5124,2495,5187,2308,5187
305,../Crop_Reports/Bengal Crop Reports PNG/cg1914p2_folder_2\cg1914p2_page_693.png,farther,2524,5120,2775,5120,2775,5187,2524,5187
306,../Crop_Reports/Bengal Crop Reports PNG/cg1914p2_folder_2\cg1914p2_page_693.png,expenses,2800,5120,3107,5120,3107,5199,2800,5199
307,../Crop_Reports/Bengal Crop Reports PNG/cg1914p2_folder_2\cg1914p2_page_693.png,in,3128,5120,3219,5120,3219,5199,3128,5199
308,../Crop_Reports/Bengal Crop Reports PNG/cg1914p2_folder_2\cg1914p2_page_693.png,cutting,3248,5120,3507,5120,3507,5199,3248,5199
309,../Crop_Reports/Bengal Crop Reports PNG/cg1914p2_folder_2\cg1914p2_page_693.png,and,2040,5208,2163,5207,2164,5270,2041,5271
310,../Crop_Reports/Bengal Crop Reports PNG/cg1914p2_folder_2\cg1914p2_page_693.png,steeping,2220,5218,2515,5215,2516,5282,2221,5285
311,../Crop_Reports/Bengal Crop Reports PNG/cg1914p2_folder_2\cg1914p2_page_693.png,of,2560,5206,2623,5205,2624,5268,2561,5269
312,../Crop_Reports/Bengal Crop Reports PNG/cg1914p2_folder_2\cg1914p2_page_693.png,the,2656,5209,2763,5208,2764,5267,2657,5268
313,../Crop_Reports/Bengal Crop Reports PNG/cg1914p2_folder_2\cg1914p2_page_693.png,crop.,2792,5199,2959,5197,2960,5277,2793,5279
314,../Crop_Reports/Bengal Crop Reports PNG/cg1914p2_folder_2\cg1914p2_page_693.png,the,3036,5205,3167,5204,3168,5271,3037,5272
315,../Crop_Reports/Bengal Crop Reports PNG/cg1914p2_folder_2\cg1914p2_page_693.png,stocks,3196,5203,3411,5201,3412,5268,3197,5270
316,../Crop_Reports/Bengal Crop Reports PNG/cg1914p2_folder_2\cg1914p2_page_693.png,of,3440,5192,3507,5191,3508,5267,3441,5268
317,../Crop_Reports/Bengal Crop Reports PNG/cg1914p2_folder_2\cg1914p2_page_693.png,tood-grains,2061,5285,2456,5280,2457,5363,2062,5368
318,../Crop_Reports/Bengal Crop Reports PNG/cg1914p2_folder_2\cg1914p2_page_693.png,fodder,2539,5287,2760,5284,2761,5350,2540,5353
319,../Crop_Reports/Bengal Crop Reports PNG/cg1914p2_folder_2\cg1914p2_page_693.png,sufficient.,2037,5367,2370,5363,2371,5429,2038,5433
320,../Crop_Reports/Bengal Crop Reports PNG/cg1914p2_folder_2\cg1914p2_page_693.png,17,322,4642,393,4641,394,4706,323,4707
321,../Crop_Reports/Bengal Crop Reports PNG/cg1914p2_folder_2\cg1914p2_page_693.png,|,451,4633,483,4632,484,4703,452,4704
322,../Crop_Reports/Bengal Crop Reports PNG/cg1914p2_folder_2\cg1914p2_page_693.png,bogra,478,4636,693,4632,694,4694,479,4698
323,../Crop_Reports/Bengal Crop Reports PNG/cg1914p2_folder_2\cg1914p2_page_693.png,l56,1068,4639,1191,4636,1192,4698,1069,4701
324,../Crop_Reports/Bengal Crop Reports PNG/cg1914p2_folder_2\cg1914p2_page_693.png,61,1812,4632,1875,4632,1875,4703,1812,4703
325,../Crop_Reports/Bengal Crop Reports PNG/cg1914p2_folder_2\cg1914p2_page_693.png,and,2878,5284,3003,5285,3003,5352,2878,5351
326,../Crop_Reports/Bengal Crop Reports PNG/cg1914p2_folder_2\cg1914p2_page_693.png,water,3092,5293,3287,5294,3287,5350,3092,5349
327,../Crop_Reports/Bengal Crop Reports PNG/cg1914p2_folder_2\cg1914p2_page_693.png,no,2452,5368,2547,5368,2547,5431,2452,5431
328,../Crop_Reports/Bengal Crop Reports PNG/cg1914p2_folder_2\cg1914p2_page_693.png,cattle-disease,2576,5368,3035,5368,3035,5431,2576,5431
329,../Crop_Reports/Bengal Crop Reports PNG/cg1914p2_folder_2\cg1914p2_page_693.png,is,3052,5360,3155,5360,3155,5439,3052,5439
330,../Crop_Reports/Bengal Crop Reports PNG/cg1914p2_folder_2\cg1914p2_page_693.png,reported.,3144,5364,3455,5364,3455,5439,3144,5439
331,../Crop_Reports/Bengal Crop Reports PNG/cg1914p2_folder_2\cg1914p2_page_693.png,are,3398,5300,3505,5301,3504,5348,3397,5347
332,../Crop_Reports/Bengal Crop Reports PNG/cg1914p2_folder_2\cg1914p2_page_693.png,18,326,5618,395,5618,395,5685,326,5685
333,../Crop_Reports/Bengal Crop Reports PNG/cg1914p2_folder_2\cg1914p2_page_693.png,|,437,5612,511,5612,511,5687,437,5687
334,../Crop_Reports/Bengal Crop Reports PNG/cg1914p2_folder_2\cg1914p2_page_693.png,parna,513,5612,693,5612,693,5687,513,5687
335,../Crop_Reports/Bengal Crop Reports PNG/cg1914p2_folder_2\cg1914p2_page_693.png,1.34,1065,5616,1187,5616,1187,5679,1065,5679
336,../Crop_Reports/Bengal Crop Reports PNG/cg1914p2_folder_2\cg1914p2_page_693.png,64,1424,5616,1493,5616,1492,5689,1423,5689
337,../Crop_Reports/Bengal Crop Reports PNG/cg1914p2_folder_2\cg1914p2_page_693.png,68,1806,5618,1873,5618,1873,5689,1806,5689
338,../Crop_Reports/Bengal Crop Reports PNG/cg1914p2_folder_2\cg1914p2_page_693.png,weather,1988,5614,2291,5614,2291,5679,1988,5679
339,../Crop_Reports/Bengal Crop Reports PNG/cg1914p2_folder_2\cg1914p2_page_693.png,seasonable.,2334,5614,2719,5614,2719,5677,2334,5677
340,../Crop_Reports/Bengal Crop Reports PNG/cg1914p2_folder_2\cg1914p2_page_693.png,the,2796,5612,2929,5612,2929,5677,2796,5677
341,../Crop_Reports/Bengal Crop Reports PNG/cg1914p2_folder_2\cg1914p2_page_693.png,harvesting,3008,5608,3381,5608,3381,5691,3008,5691
342,../Crop_Reports/Bengal Crop Reports PNG/cg1914p2_folder_2\cg1914p2_page_693.png,of,3436,5612,3501,5612,3501,5677,3436,5677
343,../Crop_Reports/Bengal Crop Reports PNG/cg1914p2_folder_2\cg1914p2_page_693.png,no,3114,5686,3214,5688,3212,5756,3112,5754
344,../Crop_Reports/Bengal Crop Reports PNG/cg1914p2_folder_2\cg1914p2_page_693.png,cattle-,3290,5686,3507,5691,3505,5761,3288,5756
345,../Crop_Reports/Bengal Crop Reports PNG/cg1914p2_folder_2\cg1914p2_page_693.png,jute,2032,5700,2171,5699,2172,5774,2033,5775
346,../Crop_Reports/Bengal Crop Reports PNG/cg1914p2_folder_2\cg1914p2_page_693.png,is,2256,5694,2315,5693,2316,5760,2257,5761
347,../Crop_Reports/Bengal Crop Reports PNG/cg1914p2_folder_2\cg1914p2_page_693.png,nearly,2396,5692,2615,5690,2616,5770,2397,5772
348,../Crop_Reports/Bengal Crop Reports PNG/cg1914p2_folder_2\cg1914p2_page_693.png,finished.,2692,5693,2991,5690,2992,5758,2693,5761
349,../Crop_Reports/Bengal Crop Reports PNG/cg1914p2_folder_2\cg1914p2_page_693.png,disease.,2033,5771,2299,5775,2298,5842,2032,5838
350,../Crop_Reports/Bengal Crop Reports PNG/cg1914p2_folder_2\cg1914p2_page_693.png,sirajgan),468,5778,781,5782,780,5855,467,5851
351,../Crop_Reports/Bengal Crop Reports PNG/cg1914p2_folder_2\cg1914p2_page_693.png,3.85,1063,5776,1191,5778,1190,5838,1062,5836
352,../Crop_Reports/Bengal Crop Reports PNG/cg1914p2_folder_2\cg1914p2_page_693.png,61,1424,5776,1495,5777,1494,5848,1423,5847
353,../Crop_Reports/Bengal Crop Reports PNG/cg1914p2_folder_2\cg1914p2_page_693.png,68,1804,5780,1875,5778,1877,5849,1806,5851
0,../Crop_Reports/Bengal Crop Reports PNG/cg1914p2_folder_2\cg1914p2_page_694.png,supplement,688,268,1235,272,1234,347,687,343
1,../Crop_Reports/Bengal Crop Reports PNG/cg1914p2_folder_2\cg1914p2_page_694.png,to,1276,276,1379,277,1379,344,1276,343
2,../Crop_Reports/Bengal Crop Reports PNG/cg1914p2_folder_2\cg1914p2_page_694.png,the.,1412,277,1611,278,1611,341,1412,340
3,../Crop_Reports/Bengal Crop Reports PNG/cg1914p2_folder_2\cg1914p2_page_694.png,caloutta,1628,278,2059,281,2059,349,1628,346
4,../Crop_Reports/Bengal Crop Reports PNG/cg1914p2_folder_2\cg1914p2_page_694.png,gazette,2096,281,2491,284,2491,356,2096,353
5,../Crop_Reports/Bengal Crop Reports PNG/cg1914p2_folder_2\cg1914p2_page_694.png,aug.,2532,280,2727,281,2727,349,2532,348
6,../Crop_Reports/Bengal Crop Reports PNG/cg1914p2_folder_2\cg1914p2_page_694.png,12,2768,282,2851,283,2850,359,2767,358
7,../Crop_Reports/Bengal Crop Reports PNG/cg1914p2_folder_2\cg1914p2_page_694.png,1914.,2892,287,3055,288,3055,351,2892,350
8,../Crop_Reports/Bengal Crop Reports PNG/cg1914p2_folder_2\cg1914p2_page_694.png,1191,3384,296,3523,295,3523,356,3385,357
9,../Crop_Reports/Bengal Crop Reports PNG/cg1914p2_folder_2\cg1914p2_page_694.png,prior,1390,504,1523,505,1523,545,1390,544
10,../Crop_Reports/Bengal Crop Reports PNG/cg1914p2_folder_2\cg1914p2_page_694.png,of,1532,505,1585,505,1585,544,1532,544
11,../Crop_Reports/Bengal Crop Reports PNG/cg1914p2_folder_2\cg1914p2_page_694.png,oomnox,1602,505,1775,506,1775,546,1602,545
12,../Crop_Reports/Bengal Crop Reports PNG/cg1914p2_folder_2\cg1914p2_page_694.png,aior,1784,506,1879,507,1879,547,1784,546
13,../Crop_Reports/Bengal Crop Reports PNG/cg1914p2_folder_2\cg1914p2_page_694.png,in,1924,508,1963,508,1963,547,1924,547
14,../Crop_Reports/Bengal Crop Reports PNG/cg1914p2_folder_2\cg1914p2_page_694.png,sns,1458,554,1595,553,1595,590,1458,591
15,../Crop_Reports/Bengal Crop Reports PNG/cg1914p2_folder_2\cg1914p2_page_694.png,pa,1616,550,1697,549,1697,586,1616,587
16,../Crop_Reports/Bengal Crop Reports PNG/cg1914p2_folder_2\cg1914p2_page_694.png,aupel,1716,551,1861,550,1861,586,1716,587
17,../Crop_Reports/Bengal Crop Reports PNG/cg1914p2_folder_2\cg1914p2_page_694.png,mbdiviton,658,606,897,608,897,657,658,655
18,../Crop_Reports/Bengal Crop Reports PNG/cg1914p2_folder_2\cg1914p2_page_694.png,raintul,1102,587,1265,585,1265,625,1102,627
19,../Crop_Reports/Bengal Crop Reports PNG/cg1914p2_folder_2\cg1914p2_page_694.png,obarnater,2336,596,2521,599,2520,636,2335,633
20,../Crop_Reports/Bengal Crop Reports PNG/cg1914p2_folder_2\cg1914p2_page_694.png,of,2534,599,2569,600,2569,633,2534,632
21,../Crop_Reports/Bengal Crop Reports PNG/cg1914p2_folder_2\cg1914p2_page_694.png,the,2584,602,2645,603,2645,636,2584,635
22,../Crop_Reports/Bengal Crop Reports PNG/cg1914p2_folder_2\cg1914p2_page_694.png,weatber,2662,599,2825,601,2824,640,2661,638
23,../Crop_Reports/Bengal Crop Reports PNG/cg1914p2_folder_2\cg1914p2_page_694.png,bondition,2834,599,3011,602,3010,640,2833,637
24,../Crop_Reports/Bengal Crop Reports PNG/cg1914p2_folder_2\cg1914p2_page_694.png,of,3030,602,3069,603,3068,643,3029,642
25,../Crop_Reports/Bengal Crop Reports PNG/cg1914p2_folder_2\cg1914p2_page_694.png,orope,3072,603,3209,605,3208,644,3071,642
26,../Crop_Reports/Bengal Crop Reports PNG/cg1914p2_folder_2\cg1914p2_page_694.png,olo,3200,610,3267,611,3267,641,3200,640
27,../Crop_Reports/Bengal Crop Reports PNG/cg1914p2_folder_2\cg1914p2_page_694.png,thia,1410,670,1494,672,1493,709,1409,707
28,../Crop_Reports/Bengal Crop Reports PNG/cg1914p2_folder_2\cg1914p2_page_694.png,week,1508,672,1609,674,1608,711,1507,709
29,../Crop_Reports/Bengal Crop Reports PNG/cg1914p2_folder_2\cg1914p2_page_694.png,provioue,1691,666,1869,669,1868,715,1690,712
30,../Crop_Reports/Bengal Crop Reports PNG/cg1914p2_folder_2\cg1914p2_page_694.png,weok.,1881,673,1983,675,1982,713,1880,711
31,../Crop_Reports/Bengal Crop Reports PNG/cg1914p2_folder_2\cg1914p2_page_694.png,inches,1058,982,1281,984,1281,1044,1058,1042
32,../Crop_Reports/Bengal Crop Reports PNG/cg1914p2_folder_2\cg1914p2_page_694.png,wonthor,2046,1141,2328,1146,2327,1207,2045,1202
33,../Crop_Reports/Bengal Crop Reports PNG/cg1914p2_folder_2\cg1914p2_page_694.png,seasonable.,2372,1145,2749,1151,2748,1214,2371,1208
34,../Crop_Reports/Bengal Crop Reports PNG/cg1914p2_folder_2\cg1914p2_page_694.png,transplantation,2852,1151,3408,1160,3407,1238,2851,1229
35,../Crop_Reports/Bengal Crop Reports PNG/cg1914p2_folder_2\cg1914p2_page_694.png,of,3459,1156,3523,1157,3522,1239,3458,1238
36,../Crop_Reports/Bengal Crop Reports PNG/cg1914p2_folder_2\cg1914p2_page_694.png,winter,2084,1228,2311,1230,2311,1281,2084,1279
37,../Crop_Reports/Bengal Crop Reports PNG/cg1914p2_folder_2\cg1914p2_page_694.png,rice,2338,1241,2461,1242,2461,1285,2338,1284
38,../Crop_Reports/Bengal Crop Reports PNG/cg1914p2_folder_2\cg1914p2_page_694.png,is,2503,1225,2593,1226,2592,1296,2502,1295
39,../Crop_Reports/Bengal Crop Reports PNG/cg1914p2_folder_2\cg1914p2_page_694.png,going,2620,1231,2811,1233,2810,1298,2619,1296
40,../Crop_Reports/Bengal Crop Reports PNG/cg1914p2_folder_2\cg1914p2_page_694.png,on.,2868,1249,2969,1250,2969,1293,2868,1292
41,../Crop_Reports/Bengal Crop Reports PNG/cg1914p2_folder_2\cg1914p2_page_694.png,more,3044,1230,3217,1232,3216,1296,3043,1294
42,../Crop_Reports/Bengal Crop Reports PNG/cg1914p2_folder_2\cg1914p2_page_694.png,rain,3276,1236,3417,1237,3416,1297,3275,1296
43,../Crop_Reports/Bengal Crop Reports PNG/cg1914p2_folder_2\cg1914p2_page_694.png,is,3468,1238,3525,1239,3524,1299,3467,1299
44,../Crop_Reports/Bengal Crop Reports PNG/cg1914p2_folder_2\cg1914p2_page_694.png,wanted.,2084,1298,2347,1302,2346,1362,2083,1358
45,../Crop_Reports/Bengal Crop Reports PNG/cg1914p2_folder_2\cg1914p2_page_694.png,harvesting,2412,1294,2805,1300,2804,1378,2411,1372
46,../Crop_Reports/Bengal Crop Reports PNG/cg1914p2_folder_2\cg1914p2_page_694.png,of,2826,1308,2889,1309,2888,1369,2825,1368
47,../Crop_Reports/Bengal Crop Reports PNG/cg1914p2_folder_2\cg1914p2_page_694.png,bhadoi,2918,1308,3149,1311,3148,1372,2917,1369
48,../Crop_Reports/Bengal Crop Reports PNG/cg1914p2_folder_2\cg1914p2_page_694.png,paddy,3174,1309,3383,1312,3382,1386,3173,1383
49,../Crop_Reports/Bengal Crop Reports PNG/cg1914p2_folder_2\cg1914p2_page_694.png,and,3402,1313,3523,1315,3522,1376,3401,1374
50,../Crop_Reports/Bengal Crop Reports PNG/cg1914p2_folder_2\cg1914p2_page_694.png,juto,2084,1376,2211,1378,2210,1447,2083,1445
51,../Crop_Reports/Bengal Crop Reports PNG/cg1914p2_folder_2\cg1914p2_page_694.png,continue.,2300,1384,2613,1388,2612,1440,2299,1436
52,../Crop_Reports/Bengal Crop Reports PNG/cg1914p2_folder_2\cg1914p2_page_694.png,cattle-disease,2084,1440,2547,1453,2545,1525,2082,1512
53,../Crop_Reports/Bengal Crop Reports PNG/cg1914p2_folder_2\cg1914p2_page_694.png,in,2646,1455,2743,1458,2741,1534,2644,1531
54,../Crop_Reports/Bengal Crop Reports PNG/cg1914p2_folder_2\cg1914p2_page_694.png,reported,2772,1459,3059,1467,3057,1542,2770,1534
55,../Crop_Reports/Bengal Crop Reports PNG/cg1914p2_folder_2\cg1914p2_page_694.png,ratua,2084,1528,2295,1531,2294,1599,2083,1596
56,../Crop_Reports/Bengal Crop Reports PNG/cg1914p2_folder_2\cg1914p2_page_694.png,englishbazar,2324,1535,2791,1541,2790,1609,2323,1603
57,../Crop_Reports/Bengal Crop Reports PNG/cg1914p2_folder_2\cg1914p2_page_694.png,kaliachak,2820,1529,3187,1534,3186,1614,2819,1609
58,../Crop_Reports/Bengal Crop Reports PNG/cg1914p2_folder_2\cg1914p2_page_694.png,nachole,3244,1542,3519,1545,3518,1609,3243,1606
59,../Crop_Reports/Bengal Crop Reports PNG/cg1914p2_folder_2\cg1914p2_page_694.png,and,2082,1608,2195,1609,2195,1667,2082,1666
60,../Crop_Reports/Bengal Crop Reports PNG/cg1914p2_folder_2\cg1914p2_page_694.png,shibganj,2232,1603,2527,1605,2526,1687,2231,1685
61,../Crop_Reports/Bengal Crop Reports PNG/cg1914p2_folder_2\cg1914p2_page_694.png,thanas.,2560,1606,2797,1608,2796,1675,2559,1673
62,../Crop_Reports/Bengal Crop Reports PNG/cg1914p2_folder_2\cg1914p2_page_694.png,malda,539,1138,775,1138,775,1200,539,1200
63,../Crop_Reports/Bengal Crop Reports PNG/cg1914p2_folder_2\cg1914p2_page_694.png,198,1128,1138,1247,1137,1248,1200,1129,1201
64,../Crop_Reports/Bengal Crop Reports PNG/cg1914p2_folder_2\cg1914p2_page_694.png,74,1480,1136,1551,1136,1551,1207,1480,1207
65,../Crop_Reports/Bengal Crop Reports PNG/cg1914p2_folder_2\cg1914p2_page_694.png,73,1784,1136,1851,1136,1851,1207,1784,1207
66,../Crop_Reports/Bengal Crop Reports PNG/cg1914p2_folder_2\cg1914p2_page_694.png,prospects,2732,1384,3059,1389,3058,1461,2731,1456
67,../Crop_Reports/Bengal Crop Reports PNG/cg1914p2_folder_2\cg1914p2_page_694.png,are,3144,1402,3243,1403,3242,1450,3143,1449
68,../Crop_Reports/Bengal Crop Reports PNG/cg1914p2_folder_2\cg1914p2_page_694.png,ood.,3344,1391,3527,1388,3528,1464,3345,1467
69,../Crop_Reports/Bengal Crop Reports PNG/cg1914p2_folder_2\cg1914p2_page_694.png,from,3178,1460,3331,1462,3330,1537,3177,1535
70,../Crop_Reports/Bengal Crop Reports PNG/cg1914p2_folder_2\cg1914p2_page_694.png,the,3418,1469,3521,1470,3520,1531,3417,1530
71,../Crop_Reports/Bengal Crop Reports PNG/cg1914p2_folder_2\cg1914p2_page_694.png,weather,2042,1916,2327,1922,2326,1981,2041,1975
72,../Crop_Reports/Bengal Crop Reports PNG/cg1914p2_folder_2\cg1914p2_page_694.png,occasionally,2370,1918,2791,1926,2789,2000,2369,1992
73,../Crop_Reports/Bengal Crop Reports PNG/cg1914p2_folder_2\cg1914p2_page_694.png,cloudy,2856,1928,3083,1933,3081,2007,2855,2002
74,../Crop_Reports/Bengal Crop Reports PNG/cg1914p2_folder_2\cg1914p2_page_694.png,and,3129,1930,3253,1933,3252,1993,3128,1991
75,../Crop_Reports/Bengal Crop Reports PNG/cg1914p2_folder_2\cg1914p2_page_694.png,rainy.,3305,1936,3515,1940,3513,2017,3303,2013
76,../Crop_Reports/Bengal Crop Reports PNG/cg1914p2_folder_2\cg1914p2_page_694.png,transplantation,2080,1992,2627,2001,2626,2076,2079,2067
77,../Crop_Reports/Bengal Crop Reports PNG/cg1914p2_folder_2\cg1914p2_page_694.png,of,2672,1994,2767,1996,2766,2059,2671,2057
78,../Crop_Reports/Bengal Crop Reports PNG/cg1914p2_folder_2\cg1914p2_page_694.png,haimantc,2788,1995,3147,2001,3146,2069,2787,2063
79,../Crop_Reports/Bengal Crop Reports PNG/cg1914p2_folder_2\cg1914p2_page_694.png,seodlings,3196,2002,3515,2007,3514,2091,3195,2086
80,../Crop_Reports/Bengal Crop Reports PNG/cg1914p2_folder_2\cg1914p2_page_694.png,and,2080,2072,2199,2074,2198,2133,2079,2131
81,../Crop_Reports/Bengal Crop Reports PNG/cg1914p2_folder_2\cg1914p2_page_694.png,harvesting,2268,2067,2631,2073,2630,2153,2267,2147
82,../Crop_Reports/Bengal Crop Reports PNG/cg1914p2_folder_2\cg1914p2_page_694.png,of,2705,2079,2783,2080,2782,2159,2704,2158
83,../Crop_Reports/Bengal Crop Reports PNG/cg1914p2_folder_2\cg1914p2_page_694.png,bitri,2800,2080,2946,2082,2945,2142,2799,2140
84,../Crop_Reports/Bengal Crop Reports PNG/cg1914p2_folder_2\cg1914p2_page_694.png,paddy,2995,2084,3198,2087,3197,2162,2994,2159
85,../Crop_Reports/Bengal Crop Reports PNG/cg1914p2_folder_2\cg1914p2_page_694.png,and,3228,2087,3347,2089,3346,2149,3227,2147
86,../Crop_Reports/Bengal Crop Reports PNG/cg1914p2_folder_2\cg1914p2_page_694.png,jute,3376,2086,3511,2088,3510,2172,3375,2170
87,../Crop_Reports/Bengal Crop Reports PNG/cg1914p2_folder_2\cg1914p2_page_694.png,are,2078,2170,2177,2171,2177,2211,2078,2210
88,../Crop_Reports/Bengal Crop Reports PNG/cg1914p2_folder_2\cg1914p2_page_694.png,in,2214,2152,2321,2153,2320,2226,2213,2225
89,../Crop_Reports/Bengal Crop Reports PNG/cg1914p2_folder_2\cg1914p2_page_694.png,progress.,2344,2167,2647,2171,2646,2227,2343,2223
90,../Crop_Reports/Bengal Crop Reports PNG/cg1914p2_folder_2\cg1914p2_page_694.png,more,2724,2158,2891,2160,2890,2218,2723,2216
91,../Crop_Reports/Bengal Crop Reports PNG/cg1914p2_folder_2\cg1914p2_page_694.png,r.tin,2948,2164,3081,2166,3080,2222,2947,2220
92,../Crop_Reports/Bengal Crop Reports PNG/cg1914p2_folder_2\cg1914p2_page_694.png,is,3124,2183,3175,2184,3175,2223,3124,2222
93,../Crop_Reports/Bengal Crop Reports PNG/cg1914p2_folder_2\cg1914p2_page_694.png,urgently,3214,2163,3511,2167,3510,2241,3213,2237
94,../Crop_Reports/Bengal Crop Reports PNG/cg1914p2_folder_2\cg1914p2_page_694.png,needed.,2078,2228,2331,2232,2330,2292,2077,2288
95,../Crop_Reports/Bengal Crop Reports PNG/cg1914p2_folder_2\cg1914p2_page_694.png,fodder,2412,2227,2648,2230,2647,2292,2411,2289
96,../Crop_Reports/Bengal Crop Reports PNG/cg1914p2_folder_2\cg1914p2_page_694.png,and,2672,2235,2799,2237,2798,2296,2671,2294
97,../Crop_Reports/Bengal Crop Reports PNG/cg1914p2_folder_2\cg1914p2_page_694.png,water,2832,2241,3017,2244,3016,2300,2831,2297
98,../Crop_Reports/Bengal Crop Reports PNG/cg1914p2_folder_2\cg1914p2_page_694.png,are,3042,2258,3147,2260,3146,2301,3041,2299
99,../Crop_Reports/Bengal Crop Reports PNG/cg1914p2_folder_2\cg1914p2_page_694.png,sufficient.,3184,2236,3513,2241,3512,2309,3183,2304
100,../Crop_Reports/Bengal Crop Reports PNG/cg1914p2_folder_2\cg1914p2_page_694.png,cattle-discase,2075,2305,2537,2313,2536,2372,2074,2364
101,../Crop_Reports/Bengal Crop Reports PNG/cg1914p2_folder_2\cg1914p2_page_694.png,is,2567,2308,2618,2309,2617,2368,2566,2367
102,../Crop_Reports/Bengal Crop Reports PNG/cg1914p2_folder_2\cg1914p2_page_694.png,still,2669,2311,2800,2313,2799,2370,2668,2368
103,../Crop_Reports/Bengal Crop Reports PNG/cg1914p2_folder_2\cg1914p2_page_694.png,reported,2857,2315,3140,2320,3139,2391,2856,2386
104,../Crop_Reports/Bengal Crop Reports PNG/cg1914p2_folder_2\cg1914p2_page_694.png,from,3196,2319,3352,2322,3351,2382,3195,2379
105,../Crop_Reports/Bengal Crop Reports PNG/cg1914p2_folder_2\cg1914p2_page_694.png,the,3407,2322,3510,2324,3509,2385,3406,2383
106,../Crop_Reports/Bengal Crop Reports PNG/cg1914p2_folder_2\cg1914p2_page_694.png,interior.,2075,2388,2353,2384,2354,2444,2076,2448
107,../Crop_Reports/Bengal Crop Reports PNG/cg1914p2_folder_2\cg1914p2_page_694.png,20,392,1918,457,1919,456,1976,391,1975
108,../Crop_Reports/Bengal Crop Reports PNG/cg1914p2_folder_2\cg1914p2_page_694.png,cooch,524,1914,769,1917,768,1984,523,1981
109,../Crop_Reports/Bengal Crop Reports PNG/cg1914p2_folder_2\cg1914p2_page_694.png,behar,772,1916,1019,1919,1018,1987,771,1984
110,../Crop_Reports/Bengal Crop Reports PNG/cg1914p2_folder_2\cg1914p2_page_694.png,4:93,1116,1919,1240,1919,1240,1977,1116,1977
111,../Crop_Reports/Bengal Crop Reports PNG/cg1914p2_folder_2\cg1914p2_page_694.png,643,1780,1916,1883,1915,1883,1994,1780,1995
112,../Crop_Reports/Bengal Crop Reports PNG/cg1914p2_folder_2\cg1914p2_page_694.png,weather,2028,2616,2315,2622,2314,2685,2027,2679
113,../Crop_Reports/Bengal Crop Reports PNG/cg1914p2_folder_2\cg1914p2_page_694.png,veasonable.,2363,2619,2743,2627,2742,2690,2362,2682
114,../Crop_Reports/Bengal Crop Reports PNG/cg1914p2_folder_2\cg1914p2_page_694.png,prospects,2832,2628,3163,2635,3162,2703,2831,2696
115,../Crop_Reports/Bengal Crop Reports PNG/cg1914p2_folder_2\cg1914p2_page_694.png,of,3207,2628,3271,2629,3270,2688,3206,2687
116,../Crop_Reports/Bengal Crop Reports PNG/cg1914p2_folder_2\cg1914p2_page_694.png,crops,3331,2646,3510,2650,3509,2710,3330,2706
117,../Crop_Reports/Bengal Crop Reports PNG/cg1914p2_folder_2\cg1914p2_page_694.png,are,2076,2720,2175,2721,2175,2756,2076,2755
118,../Crop_Reports/Bengal Crop Reports PNG/cg1914p2_folder_2\cg1914p2_page_694.png,fair.,2220,2698,2359,2700,2358,2759,2219,2757
119,../Crop_Reports/Bengal Crop Reports PNG/cg1914p2_folder_2\cg1914p2_page_694.png,harvesting,2436,2701,2823,2706,2822,2777,2435,2772
120,../Crop_Reports/Bengal Crop Reports PNG/cg1914p2_folder_2\cg1914p2_page_694.png,of,2864,2706,2927,2707,2926,2766,2863,2765
121,../Crop_Reports/Bengal Crop Reports PNG/cg1914p2_folder_2\cg1914p2_page_694.png,juto,2952,2711,3083,2713,3082,2780,2951,2778
122,../Crop_Reports/Bengal Crop Reports PNG/cg1914p2_folder_2\cg1914p2_page_694.png,1s,3108,2705,3183,2706,3182,2785,3107,2784
123,../Crop_Reports/Bengal Crop Reports PNG/cg1914p2_folder_2\cg1914p2_page_694.png,going,3192,2706,3383,2708,3382,2787,3191,2785
124,../Crop_Reports/Bengal Crop Reports PNG/cg1914p2_folder_2\cg1914p2_page_694.png,on.,3412,2724,3510,2725,3509,2769,3411,2768
125,../Crop_Reports/Bengal Crop Reports PNG/cg1914p2_folder_2\cg1914p2_page_694.png,rain,2078,2776,2235,2777,2235,2834,2078,2833
126,../Crop_Reports/Bengal Crop Reports PNG/cg1914p2_folder_2\cg1914p2_page_694.png,is,2282,2796,2331,2796,2331,2833,2282,2833
127,../Crop_Reports/Bengal Crop Reports PNG/cg1914p2_folder_2\cg1914p2_page_694.png,domg,2394,2778,2587,2779,2586,2851,2393,2850
128,../Crop_Reports/Bengal Crop Reports PNG/cg1914p2_folder_2\cg1914p2_page_694.png,good,2628,2782,2789,2783,2788,2854,2627,2853
129,../Crop_Reports/Bengal Crop Reports PNG/cg1914p2_folder_2\cg1914p2_page_694.png,to,2840,2790,2899,2790,2899,2841,2840,2841
130,../Crop_Reports/Bengal Crop Reports PNG/cg1914p2_folder_2\cg1914p2_page_694.png,jute,2948,2779,3079,2780,3078,2857,2947,2856
131,../Crop_Reports/Bengal Crop Reports PNG/cg1914p2_folder_2\cg1914p2_page_694.png,and,3158,2780,3279,2781,3279,2843,3158,2842
132,../Crop_Reports/Bengal Crop Reports PNG/cg1914p2_folder_2\cg1914p2_page_694.png,other,3332,2781,3509,2782,3508,2846,3332,2845
133,../Crop_Reports/Bengal Crop Reports PNG/cg1914p2_folder_2\cg1914p2_page_694.png,standng,2076,2856,2371,2856,2371,2927,2076,2927
134,../Crop_Reports/Bengal Crop Reports PNG/cg1914p2_folder_2\cg1914p2_page_694.png,crops.,2435,2854,2639,2854,2639,2929,2435,2929
135,../Crop_Reports/Bengal Crop Reports PNG/cg1914p2_folder_2\cg1914p2_page_694.png,no,2708,2858,2803,2858,2803,2915,2708,2915
136,../Crop_Reports/Bengal Crop Reports PNG/cg1914p2_folder_2\cg1914p2_page_694.png,cattle-disease,2892,2854,3341,2854,3341,2921,2892,2921
137,../Crop_Reports/Bengal Crop Reports PNG/cg1914p2_folder_2\cg1914p2_page_694.png,roported,2076,2931,2355,2924,2357,3000,2078,3007
138,../Crop_Reports/Bengal Crop Reports PNG/cg1914p2_folder_2\cg1914p2_page_694.png,available.,2074,3012,2395,3012,2395,3071,2074,3071
139,../Crop_Reports/Bengal Crop Reports PNG/cg1914p2_folder_2\cg1914p2_page_694.png,21,384,2616,439,2616,439,2673,384,2673
140,../Crop_Reports/Bengal Crop Reports PNG/cg1914p2_folder_2\cg1914p2_page_694.png,|,506,2606,539,2606,539,2681,506,2681
141,../Crop_Reports/Bengal Crop Reports PNG/cg1914p2_folder_2\cg1914p2_page_694.png,dacca,528,2614,745,2614,745,2675,528,2675
142,../Crop_Reports/Bengal Crop Reports PNG/cg1914p2_folder_2\cg1914p2_page_694.png,2,1130,2608,1171,2608,1171,2683,1130,2683
143,../Crop_Reports/Bengal Crop Reports PNG/cg1914p2_folder_2\cg1914p2_page_694.png,04,1164,2616,1235,2616,1235,2675,1164,2675
144,../Crop_Reports/Bengal Crop Reports PNG/cg1914p2_folder_2\cg1914p2_page_694.png,64,1472,2616,1539,2616,1539,2687,1472,2687
145,../Crop_Reports/Bengal Crop Reports PNG/cg1914p2_folder_2\cg1914p2_page_694.png,64,1776,2616,1839,2616,1839,2687,1776,2687
146,../Crop_Reports/Bengal Crop Reports PNG/cg1914p2_folder_2\cg1914p2_page_694.png,munikganj,524,2768,886,2782,883,2850,521,2836
147,../Crop_Reports/Bengal Crop Reports PNG/cg1914p2_folder_2\cg1914p2_page_694.png,...,918,2811,981,2813,979,2860,916,2858
148,../Crop_Reports/Bengal Crop Reports PNG/cg1914p2_folder_2\cg1914p2_page_694.png,narayanganj,520,2832,955,2847,952,2935,517,2920
149,../Crop_Reports/Bengal Crop Reports PNG/cg1914p2_folder_2\cg1914p2_page_694.png,munshiganj,520,2914,941,2923,939,3010,518,3001
150,../Crop_Reports/Bengal Crop Reports PNG/cg1914p2_folder_2\cg1914p2_page_694.png,(n),1140,2772,1235,2771,1235,2840,1140,2841
151,../Crop_Reports/Bengal Crop Reports PNG/cg1914p2_folder_2\cg1914p2_page_694.png,4:33,1114,2850,1239,2850,1239,2907,1114,2907
152,../Crop_Reports/Bengal Crop Reports PNG/cg1914p2_folder_2\cg1914p2_page_694.png,4,1110,2928,1141,2928,1141,2985,1110,2985
153,../Crop_Reports/Bengal Crop Reports PNG/cg1914p2_folder_2\cg1914p2_page_694.png,55,1164,2926,1235,2926,1235,2987,1164,2987
154,../Crop_Reports/Bengal Crop Reports PNG/cg1914p2_folder_2\cg1914p2_page_694.png,(n),1470,2781,1562,2778,1564,2848,1472,2851
155,../Crop_Reports/Bengal Crop Reports PNG/cg1914p2_folder_2\cg1914p2_page_694.png,68,1473,2846,1539,2850,1535,2915,1469,2911
156,../Crop_Reports/Bengal Crop Reports PNG/cg1914p2_folder_2\cg1914p2_page_694.png,fodder,2500,2928,2737,2929,2737,2994,2500,2993
157,../Crop_Reports/Bengal Crop Reports PNG/cg1914p2_folder_2\cg1914p2_page_694.png,and,2859,2940,2981,2940,2981,2999,2859,2999
158,../Crop_Reports/Bengal Crop Reports PNG/cg1914p2_folder_2\cg1914p2_page_694.png,water,3066,2945,3253,2945,3253,2998,3066,2998
159,../Crop_Reports/Bengal Crop Reports PNG/cg1914p2_folder_2\cg1914p2_page_694.png,are,3405,2957,3508,2957,3508,3000,3405,3000
160,../Crop_Reports/Bengal Crop Reports PNG/cg1914p2_folder_2\cg1914p2_page_694.png,weathor,2078,3153,2331,3156,2330,3231,2077,3228
161,../Crop_Reports/Bengal Crop Reports PNG/cg1914p2_folder_2\cg1914p2_page_694.png,seusonable,2376,3168,2735,3173,2734,3233,2375,3228
162,../Crop_Reports/Bengal Crop Reports PNG/cg1914p2_folder_2\cg1914p2_page_694.png,harvesting,2836,3170,3219,3175,3218,3243,2835,3238
163,../Crop_Reports/Bengal Crop Reports PNG/cg1914p2_folder_2\cg1914p2_page_694.png,of,3272,3172,3335,3173,3334,3236,3271,3235
164,../Crop_Reports/Bengal Crop Reports PNG/cg1914p2_folder_2\cg1914p2_page_694.png,aus,3384,3189,3507,3191,3506,3235,3383,3233
165,../Crop_Reports/Bengal Crop Reports PNG/cg1914p2_folder_2\cg1914p2_page_694.png,paddy,2080,3242,2283,3243,2282,3316,2079,3315
166,../Crop_Reports/Bengal Crop Reports PNG/cg1914p2_folder_2\cg1914p2_page_694.png,und,2338,3245,2459,3246,2459,3302,2338,3301
167,../Crop_Reports/Bengal Crop Reports PNG/cg1914p2_folder_2\cg1914p2_page_694.png,jute,2510,3251,2641,3252,2641,3319,2510,3318
168,../Crop_Reports/Bengal Crop Reports PNG/cg1914p2_folder_2\cg1914p2_page_694.png,is,2690,3264,2741,3264,2741,3305,2690,3305
169,../Crop_Reports/Bengal Crop Reports PNG/cg1914p2_folder_2\cg1914p2_page_694.png,going,2782,3266,2973,3267,2973,3321,2782,3320
170,../Crop_Reports/Bengal Crop Reports PNG/cg1914p2_folder_2\cg1914p2_page_694.png,on.,3002,3269,3101,3270,3101,3311,3002,3310
171,../Crop_Reports/Bengal Crop Reports PNG/cg1914p2_folder_2\cg1914p2_page_694.png,more,3178,3250,3347,3251,3347,3312,3178,3311
172,../Crop_Reports/Bengal Crop Reports PNG/cg1914p2_folder_2\cg1914p2_page_694.png,ruin,3376,3251,3511,3252,3511,3313,3376,3312
173,../Crop_Reports/Bengal Crop Reports PNG/cg1914p2_folder_2\cg1914p2_page_694.png,is,2064,3324,2191,3324,2191,3403,2064,3403
174,../Crop_Reports/Bengal Crop Reports PNG/cg1914p2_folder_2\cg1914p2_page_694.png,necossary,2196,3324,2487,3324,2487,3403,2196,3403
175,../Crop_Reports/Bengal Crop Reports PNG/cg1914p2_folder_2\cg1914p2_page_694.png,ii,2524,3340,2583,3340,2583,3383,2524,3383
176,../Crop_Reports/Bengal Crop Reports PNG/cg1914p2_folder_2\cg1914p2_page_694.png,sadar,2616,3324,2811,3324,2811,3387,2616,3387
177,../Crop_Reports/Bengal Crop Reports PNG/cg1914p2_folder_2\cg1914p2_page_694.png,jurisdction.,2836,3328,3255,3328,3255,3403,2836,3403
178,../Crop_Reports/Bengal Crop Reports PNG/cg1914p2_folder_2\cg1914p2_page_694.png,pros-,3336,3328,3507,3328,3507,3391,3336,3391
179,../Crop_Reports/Bengal Crop Reports PNG/cg1914p2_folder_2\cg1914p2_page_694.png,pects,2082,3404,2251,3404,2251,3481,2082,3481
180,../Crop_Reports/Bengal Crop Reports PNG/cg1914p2_folder_2\cg1914p2_page_694.png,of,2282,3400,2347,3400,2347,3457,2282,3457
181,../Crop_Reports/Bengal Crop Reports PNG/cg1914p2_folder_2\cg1914p2_page_694.png,crops,2372,3420,2551,3420,2551,3475,2372,3475
182,../Crop_Reports/Bengal Crop Reports PNG/cg1914p2_folder_2\cg1914p2_page_694.png,are,2604,3418,2707,3418,2707,3465,2604,3465
183,../Crop_Reports/Bengal Crop Reports PNG/cg1914p2_folder_2\cg1914p2_page_694.png,fair.,2752,3400,2889,3400,2889,3463,2752,3463
184,../Crop_Reports/Bengal Crop Reports PNG/cg1914p2_folder_2\cg1914p2_page_694.png,trunsplantation,2966,3406,3509,3406,3509,3479,2966,3479
185,../Crop_Reports/Bengal Crop Reports PNG/cg1914p2_folder_2\cg1914p2_page_694.png,of,2081,3480,2145,3480,2145,3534,2081,3534
186,../Crop_Reports/Bengal Crop Reports PNG/cg1914p2_folder_2\cg1914p2_page_694.png,winter,2205,3481,2428,3483,2428,3550,2205,3548
187,../Crop_Reports/Bengal Crop Reports PNG/cg1914p2_folder_2\cg1914p2_page_694.png,rice,2446,3496,2566,3497,2566,3538,2446,3537
188,../Crop_Reports/Bengal Crop Reports PNG/cg1914p2_folder_2\cg1914p2_page_694.png,is,2613,3484,2688,3485,2688,3552,2613,3551
189,../Crop_Reports/Bengal Crop Reports PNG/cg1914p2_folder_2\cg1914p2_page_694.png,going,2716,3500,2907,3501,2907,3553,2716,3552
190,../Crop_Reports/Bengal Crop Reports PNG/cg1914p2_folder_2\cg1914p2_page_694.png,on.,2964,3486,3074,3487,3074,3555,2964,3554
191,../Crop_Reports/Bengal Crop Reports PNG/cg1914p2_folder_2\cg1914p2_page_694.png,harvesting,3126,3487,3509,3490,3509,3558,3126,3555
192,../Crop_Reports/Bengal Crop Reports PNG/cg1914p2_folder_2\cg1914p2_page_694.png,of,2072,3556,2171,3556,2171,3629,2072,3629
193,../Crop_Reports/Bengal Crop Reports PNG/cg1914p2_folder_2\cg1914p2_page_694.png,aus,2188,3570,2311,3570,2311,3611,2188,3611
194,../Crop_Reports/Bengal Crop Reports PNG/cg1914p2_folder_2\cg1914p2_page_694.png,is,2366,3574,2419,3574,2419,3615,2366,3615
195,../Crop_Reports/Bengal Crop Reports PNG/cg1914p2_folder_2\cg1914p2_page_694.png,nearly,2474,3560,2691,3560,2691,3629,2474,3629
196,../Crop_Reports/Bengal Crop Reports PNG/cg1914p2_folder_2\cg1914p2_page_694.png,finished,2744,3562,3019,3562,3019,3619,2744,3619
197,../Crop_Reports/Bengal Crop Reports PNG/cg1914p2_folder_2\cg1914p2_page_694.png,and,3072,3562,3189,3562,3189,3619,3072,3619
198,../Crop_Reports/Bengal Crop Reports PNG/cg1914p2_folder_2\cg1914p2_page_694.png,that,3244,3562,3381,3562,3381,3621,3244,3621
199,../Crop_Reports/Bengal Crop Reports PNG/cg1914p2_folder_2\cg1914p2_page_694.png,of,3446,3556,3507,3556,3507,3621,3446,3621
200,../Crop_Reports/Bengal Crop Reports PNG/cg1914p2_folder_2\cg1914p2_page_694.png,jute,2082,3638,2211,3640,2210,3707,2081,3705
201,../Crop_Reports/Bengal Crop Reports PNG/cg1914p2_folder_2\cg1914p2_page_694.png,19,2280,3651,2333,3652,2332,3691,2279,3690
202,../Crop_Reports/Bengal Crop Reports PNG/cg1914p2_folder_2\cg1914p2_page_694.png,going,2384,3651,2577,3654,2576,3710,2383,3707
203,../Crop_Reports/Bengal Crop Reports PNG/cg1914p2_folder_2\cg1914p2_page_694.png,on,2630,3655,2709,3656,2708,3717,2629,3716
204,../Crop_Reports/Bengal Crop Reports PNG/cg1914p2_folder_2\cg1914p2_page_694.png,su,2093,3710,2177,3710,2177,3778,2093,3778
205,../Crop_Reports/Bengal Crop Reports PNG/cg1914p2_folder_2\cg1914p2_page_694.png,lficient,2179,3710,2404,3711,2404,3779,2179,3778
206,../Crop_Reports/Bengal Crop Reports PNG/cg1914p2_folder_2\cg1914p2_page_694.png,on,2458,3731,2532,3731,2532,3770,2458,3770
207,../Crop_Reports/Bengal Crop Reports PNG/cg1914p2_folder_2\cg1914p2_page_694.png,the,2608,3715,2708,3716,2708,3773,2608,3772
208,../Crop_Reports/Bengal Crop Reports PNG/cg1914p2_folder_2\cg1914p2_page_694.png,whole.,2773,3716,2996,3717,2996,3775,2773,3774
209,../Crop_Reports/Bengal Crop Reports PNG/cg1914p2_folder_2\cg1914p2_page_694.png,water,2082,3792,2275,3793,2275,3849,2082,3848
210,../Crop_Reports/Bengal Crop Reports PNG/cg1914p2_folder_2\cg1914p2_page_694.png,are,2337,3808,2438,3809,2438,3850,2337,3849
211,../Crop_Reports/Bengal Crop Reports PNG/cg1914p2_folder_2\cg1914p2_page_694.png,sufficient.,2503,3792,2831,3794,2831,3853,2503,3851
212,../Crop_Reports/Bengal Crop Reports PNG/cg1914p2_folder_2\cg1914p2_page_694.png,cattle-discase,2931,3795,3391,3797,3391,3857,2931,3855
213,../Crop_Reports/Bengal Crop Reports PNG/cg1914p2_folder_2\cg1914p2_page_694.png,is,3457,3814,3511,3814,3511,3856,3457,3856
214,../Crop_Reports/Bengal Crop Reports PNG/cg1914p2_folder_2\cg1914p2_page_694.png,reported,2084,3868,2363,3868,2363,3939,2084,3939
215,../Crop_Reports/Bengal Crop Reports PNG/cg1914p2_folder_2\cg1914p2_page_694.png,from,2428,3872,2583,3872,2583,3931,2428,3931
216,../Crop_Reports/Bengal Crop Reports PNG/cg1914p2_folder_2\cg1914p2_page_694.png,gopalpur,2664,3872,2979,3872,2979,3947,2664,3947
217,../Crop_Reports/Bengal Crop Reports PNG/cg1914p2_folder_2\cg1914p2_page_694.png,thana.,3068,3876,3271,3876,3271,3935,3068,3935
218,../Crop_Reports/Bengal Crop Reports PNG/cg1914p2_folder_2\cg1914p2_page_694.png,prices,2084,3962,2285,3962,2285,4015,2084,4015
219,../Crop_Reports/Bengal Crop Reports PNG/cg1914p2_folder_2\cg1914p2_page_694.png,are,2312,3966,2415,3966,2415,4005,2312,4005
220,../Crop_Reports/Bengal Crop Reports PNG/cg1914p2_folder_2\cg1914p2_page_694.png,stationary,2458,3954,2803,3954,2803,4021,2458,4021
221,../Crop_Reports/Bengal Crop Reports PNG/cg1914p2_folder_2\cg1914p2_page_694.png,22,376,3164,447,3165,447,3220,376,3219
222,../Crop_Reports/Bengal Crop Reports PNG/cg1914p2_folder_2\cg1914p2_page_694.png,|,494,3159,533,3159,533,3220,494,3220
223,../Crop_Reports/Bengal Crop Reports PNG/cg1914p2_folder_2\cg1914p2_page_694.png,mymensingh,520,3161,967,3165,967,3221,520,3217
224,../Crop_Reports/Bengal Crop Reports PNG/cg1914p2_folder_2\cg1914p2_page_694.png,155,1114,3163,1236,3165,1235,3222,1113,3220
225,../Crop_Reports/Bengal Crop Reports PNG/cg1914p2_folder_2\cg1914p2_page_694.png,6.,1470,3170,1501,3171,1500,3224,1469,3223
226,../Crop_Reports/Bengal Crop Reports PNG/cg1914p2_folder_2\cg1914p2_page_694.png,jamalpur,522,3313,847,3313,847,3394,522,3394
227,../Crop_Reports/Bengal Crop Reports PNG/cg1914p2_folder_2\cg1914p2_page_694.png,tangail,523,3385,781,3388,780,3472,522,3469
228,../Crop_Reports/Bengal Crop Reports PNG/cg1914p2_folder_2\cg1914p2_page_694.png,netrakona,524,3458,881,3466,879,3536,522,3528
229,../Crop_Reports/Bengal Crop Reports PNG/cg1914p2_folder_2\cg1914p2_page_694.png,ksborgan],522,3540,904,3554,901,3625,519,3611
230,../Crop_Reports/Bengal Crop Reports PNG/cg1914p2_folder_2\cg1914p2_page_694.png,2.,1110,3316,1155,3317,1154,3376,1109,3375
231,../Crop_Reports/Bengal Crop Reports PNG/cg1914p2_folder_2\cg1914p2_page_694.png,18,1174,3319,1235,3320,1234,3378,1173,3377
232,../Crop_Reports/Bengal Crop Reports PNG/cg1914p2_folder_2\cg1914p2_page_694.png,3.19,1110,3394,1235,3397,1234,3457,1109,3454
233,../Crop_Reports/Bengal Crop Reports PNG/cg1914p2_folder_2\cg1914p2_page_694.png,7.25,1111,3472,1235,3474,1234,3534,1110,3532
234,../Crop_Reports/Bengal Crop Reports PNG/cg1914p2_folder_2\cg1914p2_page_694.png,5.97,1107,3551,1230,3553,1229,3611,1106,3609
235,../Crop_Reports/Bengal Crop Reports PNG/cg1914p2_folder_2\cg1914p2_page_694.png,61,1468,3320,1531,3321,1530,3388,1467,3387
236,../Crop_Reports/Bengal Crop Reports PNG/cg1914p2_folder_2\cg1914p2_page_694.png,54,1467,3396,1532,3397,1531,3466,1466,3465
237,../Crop_Reports/Bengal Crop Reports PNG/cg1914p2_folder_2\cg1914p2_page_694.png,58,1470,3475,1536,3479,1532,3545,1466,3542
238,../Crop_Reports/Bengal Crop Reports PNG/cg1914p2_folder_2\cg1914p2_page_694.png,(n),1776,3400,1871,3401,1870,3468,1775,3467
239,../Crop_Reports/Bengal Crop Reports PNG/cg1914p2_folder_2\cg1914p2_page_694.png,68,1776,3479,1841,3481,1839,3546,1774,3544
240,../Crop_Reports/Bengal Crop Reports PNG/cg1914p2_folder_2\cg1914p2_page_694.png,stocks,2806,3636,3024,3640,3023,3699,2805,3695
241,../Crop_Reports/Bengal Crop Reports PNG/cg1914p2_folder_2\cg1914p2_page_694.png,of,3070,3638,3131,3639,3130,3697,3069,3696
242,../Crop_Reports/Bengal Crop Reports PNG/cg1914p2_folder_2\cg1914p2_page_694.png,rice,3212,3640,3331,3642,3330,3699,3211,3697
243,../Crop_Reports/Bengal Crop Reports PNG/cg1914p2_folder_2\cg1914p2_page_694.png,are,3408,3656,3509,3658,3508,3699,3407,3697
244,../Crop_Reports/Bengal Crop Reports PNG/cg1914p2_folder_2\cg1914p2_page_694.png,fodder,3094,3717,3327,3718,3327,3778,3094,3777
245,../Crop_Reports/Bengal Crop Reports PNG/cg1914p2_folder_2\cg1914p2_page_694.png,and,3388,3719,3509,3720,3509,3779,3388,3778
246,../Crop_Reports/Bengal Crop Reports PNG/cg1914p2_folder_2\cg1914p2_page_694.png,the,3382,3873,3511,3875,3510,3935,3381,3933
247,../Crop_Reports/Bengal Crop Reports PNG/cg1914p2_folder_2\cg1914p2_page_694.png,23,382,4102,451,4102,451,4163,382,4163
248,../Crop_Reports/Bengal Crop Reports PNG/cg1914p2_folder_2\cg1914p2_page_694.png,|faridpur,490,4088,867,4088,867,4165,490,4165
249,../Crop_Reports/Bengal Crop Reports PNG/cg1914p2_folder_2\cg1914p2_page_694.png,weather,2040,4100,2331,4104,2330,4168,2039,4164
250,../Crop_Reports/Bengal Crop Reports PNG/cg1914p2_folder_2\cg1914p2_page_694.png,seasonable.,2392,4104,2767,4109,2766,4165,2391,4160
251,../Crop_Reports/Bengal Crop Reports PNG/cg1914p2_folder_2\cg1914p2_page_694.png,harvesting,2848,4106,3227,4111,3226,4179,2847,4174
252,../Crop_Reports/Bengal Crop Reports PNG/cg1914p2_folder_2\cg1914p2_page_694.png,of,3276,4107,3339,4108,3338,4167,3275,4166
253,../Crop_Reports/Bengal Crop Reports PNG/cg1914p2_folder_2\cg1914p2_page_694.png,jute,3376,4109,3511,4111,3510,4183,3375,4181
254,../Crop_Reports/Bengal Crop Reports PNG/cg1914p2_folder_2\cg1914p2_page_694.png,19,2064,4190,2175,4189,2175,4262,2064,4263
255,../Crop_Reports/Bengal Crop Reports PNG/cg1914p2_folder_2\cg1914p2_page_694.png,golng,2160,4197,2353,4196,2353,4262,2160,4263
256,../Crop_Reports/Bengal Crop Reports PNG/cg1914p2_folder_2\cg1914p2_page_694.png,oln,2382,4200,2460,4200,2460,4261,2382,4261
257,../Crop_Reports/Bengal Crop Reports PNG/cg1914p2_folder_2\cg1914p2_page_694.png,rapaidly,2492,4187,2777,4186,2777,4258,2492,4259
258,../Crop_Reports/Bengal Crop Reports PNG/cg1914p2_folder_2\cg1914p2_page_694.png,are,2076,4248,2191,4250,2190,4317,2075,4315
259,../Crop_Reports/Bengal Crop Reports PNG/cg1914p2_folder_2\cg1914p2_page_694.png,beneticial,2260,4250,2579,4254,2578,4322,2259,4318
260,../Crop_Reports/Bengal Crop Reports PNG/cg1914p2_folder_2\cg1914p2_page_694.png,to,2658,4256,2731,4257,2730,4332,2657,4331
261,../Crop_Reports/Bengal Crop Reports PNG/cg1914p2_folder_2\cg1914p2_page_694.png,the,2780,4261,2883,4262,2882,4322,2779,4321
262,../Crop_Reports/Bengal Crop Reports PNG/cg1914p2_folder_2\cg1914p2_page_694.png,standng,2952,4261,3251,4265,3250,4339,2951,4335
263,../Crop_Reports/Bengal Crop Reports PNG/cg1914p2_folder_2\cg1914p2_page_694.png,crops.,3316,4277,3515,4280,3514,4340,3315,4337
264,../Crop_Reports/Bengal Crop Reports PNG/cg1914p2_folder_2\cg1914p2_page_694.png,prospects,2076,4339,2401,4339,2401,4416,2076,4416
265,../Crop_Reports/Bengal Crop Reports PNG/cg1914p2_folder_2\cg1914p2_page_694.png,of,2448,4345,2501,4345,2501,4416,2448,4416
266,../Crop_Reports/Bengal Crop Reports PNG/cg1914p2_folder_2\cg1914p2_page_694.png,winter,2578,4346,2800,4346,2800,4398,2578,4398
267,../Crop_Reports/Bengal Crop Reports PNG/cg1914p2_folder_2\cg1914p2_page_694.png,nce,2846,4358,2966,4358,2966,4398,2846,4398
268,../Crop_Reports/Bengal Crop Reports PNG/cg1914p2_folder_2\cg1914p2_page_694.png,and,3030,4341,3147,4341,3147,4398,3030,4398
269,../Crop_Reports/Bengal Crop Reports PNG/cg1914p2_folder_2\cg1914p2_page_694.png,jute,3213,4346,3345,4346,3345,4415,3213,4415
270,../Crop_Reports/Bengal Crop Reports PNG/cg1914p2_folder_2\cg1914p2_page_694.png,are,3409,4360,3512,4360,3512,4401,3409,4401
271,../Crop_Reports/Bengal Crop Reports PNG/cg1914p2_folder_2\cg1914p2_page_694.png,good,2068,4420,2238,4409,2242,4476,2072,4487
272,../Crop_Reports/Bengal Crop Reports PNG/cg1914p2_folder_2\cg1914p2_page_694.png,14,2044,4494,2191,4494,2191,4567,2044,4567
273,../Crop_Reports/Bengal Crop Reports PNG/cg1914p2_folder_2\cg1914p2_page_694.png,reported,2196,4494,2475,4494,2475,4567,2196,4567
274,../Crop_Reports/Bengal Crop Reports PNG/cg1914p2_folder_2\cg1914p2_page_694.png,,2490,4540,2499,4540,2499,4557,2490,4557
275,../Crop_Reports/Bengal Crop Reports PNG/cg1914p2_folder_2\cg1914p2_page_694.png,stocks,2530,4496,2735,4496,2735,4553,2530,4553
276,../Crop_Reports/Bengal Crop Reports PNG/cg1914p2_folder_2\cg1914p2_page_694.png,of,2790,4498,2851,4498,2851,4553,2790,4553
277,../Crop_Reports/Bengal Crop Reports PNG/cg1914p2_folder_2\cg1914p2_page_694.png,rice,2886,4494,3067,4494,3067,4567,2886,4567
278,../Crop_Reports/Bengal Crop Reports PNG/cg1914p2_folder_2\cg1914p2_page_694.png,are,3069,4494,3153,4494,3153,4567,3069,4567
279,../Crop_Reports/Bengal Crop Reports PNG/cg1914p2_folder_2\cg1914p2_page_694.png,sufficient.,3176,4498,3511,4498,3511,4559,3176,4559
280,../Crop_Reports/Bengal Crop Reports PNG/cg1914p2_folder_2\cg1914p2_page_694.png,fodder,2075,4569,2317,4572,2316,4633,2074,4630
281,../Crop_Reports/Bengal Crop Reports PNG/cg1914p2_folder_2\cg1914p2_page_694.png,and,2390,4571,2511,4572,2510,4631,2389,4630
282,../Crop_Reports/Bengal Crop Reports PNG/cg1914p2_folder_2\cg1914p2_page_694.png,water,2581,4581,2756,4583,2755,4632,2580,4630
283,../Crop_Reports/Bengal Crop Reports PNG/cg1914p2_folder_2\cg1914p2_page_694.png,cuttle-discase,2073,4650,2524,4650,2524,4708,2073,4708
284,../Crop_Reports/Bengal Crop Reports PNG/cg1914p2_folder_2\cg1914p2_page_694.png,almost,2072,4728,2297,4731,2296,4791,2071,4788
285,../Crop_Reports/Bengal Crop Reports PNG/cg1914p2_folder_2\cg1914p2_page_694.png,stationary,2350,4733,2697,4737,2696,4802,2349,4798
286,../Crop_Reports/Bengal Crop Reports PNG/cg1914p2_folder_2\cg1914p2_page_694.png,except,2764,4736,2989,4739,2988,4806,2763,4803
287,../Crop_Reports/Bengal Crop Reports PNG/cg1914p2_folder_2\cg1914p2_page_694.png,in,3042,4749,3111,4750,3111,4791,3042,4790
288,../Crop_Reports/Bengal Crop Reports PNG/cg1914p2_folder_2\cg1914p2_page_694.png,gopalgunj,3158,4732,3509,4736,3508,4811,3157,4807
289,../Crop_Reports/Bengal Crop Reports PNG/cg1914p2_folder_2\cg1914p2_page_694.png,subdvision,2076,4804,2485,4814,2483,4874,2075,4864
290,../Crop_Reports/Bengal Crop Reports PNG/cg1914p2_folder_2\cg1914p2_page_694.png,where,2519,4806,2721,4811,2720,4867,2518,4862
291,../Crop_Reports/Bengal Crop Reports PNG/cg1914p2_folder_2\cg1914p2_page_694.png,it,2755,4812,2801,4813,2800,4866,2754,4865
292,../Crop_Reports/Bengal Crop Reports PNG/cg1914p2_folder_2\cg1914p2_page_694.png,is,2832,4826,2883,4827,2882,4864,2831,4863
293,../Crop_Reports/Bengal Crop Reports PNG/cg1914p2_folder_2\cg1914p2_page_694.png,ri8ing.,2914,4824,3137,4829,3136,4886,2913,4881
294,../Crop_Reports/Bengal Crop Reports PNG/cg1914p2_folder_2\cg1914p2_page_694.png,2.80,1110,4097,1236,4102,1234,4163,1108,4158
295,../Crop_Reports/Bengal Crop Reports PNG/cg1914p2_folder_2\cg1914p2_page_694.png,it,1465,4094,1549,4095,1548,4176,1464,4175
296,../Crop_Reports/Bengal Crop Reports PNG/cg1914p2_folder_2\cg1914p2_page_694.png,...,939,4141,975,4141,975,4154,939,4154
297,../Crop_Reports/Bengal Crop Reports PNG/cg1914p2_folder_2\cg1914p2_page_694.png,effects,2884,4186,3109,4187,3109,4245,2884,4244
298,../Crop_Reports/Bengal Crop Reports PNG/cg1914p2_folder_2\cg1914p2_page_694.png,of,3156,4180,3219,4180,3219,4243,3156,4243
299,../Crop_Reports/Bengal Crop Reports PNG/cg1914p2_folder_2\cg1914p2_page_694.png,weuther,3240,4180,3517,4182,3517,4246,3240,4244
300,../Crop_Reports/Bengal Crop Reports PNG/cg1914p2_folder_2\cg1914p2_page_694.png,goalundo,520,4294,845,4284,847,4349,522,4359
301,../Crop_Reports/Bengal Crop Reports PNG/cg1914p2_folder_2\cg1914p2_page_694.png,..,913,4337,975,4335,975,4351,914,4353
302,../Crop_Reports/Bengal Crop Reports PNG/cg1914p2_folder_2\cg1914p2_page_694.png,,1008,4270,1014,4270,1015,4306,1009,4306
303,../Crop_Reports/Bengal Crop Reports PNG/cg1914p2_folder_2\cg1914p2_page_694.png,2-28,1108,4296,1235,4297,1235,4360,1108,4359
304,../Crop_Reports/Bengal Crop Reports PNG/cg1914p2_folder_2\cg1914p2_page_694.png,no,2344,4416,2435,4416,2435,4471,2344,4471
305,../Crop_Reports/Bengal Crop Reports PNG/cg1914p2_folder_2\cg1914p2_page_694.png,large,2468,4416,2629,4417,2629,4487,2468,4486
306,../Crop_Reports/Bengal Crop Reports PNG/cg1914p2_folder_2\cg1914p2_page_694.png,import,2658,4425,2887,4426,2887,4492,2658,4491
307,../Crop_Reports/Bengal Crop Reports PNG/cg1914p2_folder_2\cg1914p2_page_694.png,or,2928,4437,2995,4437,2995,4476,2928,4476
308,../Crop_Reports/Bengal Crop Reports PNG/cg1914p2_folder_2\cg1914p2_page_694.png,export,3022,4427,3241,4428,3241,4494,3022,4493
309,../Crop_Reports/Bengal Crop Reports PNG/cg1914p2_folder_2\cg1914p2_page_694.png,of,3282,4419,3345,4419,3345,4478,3282,4478
310,../Crop_Reports/Bengal Crop Reports PNG/cg1914p2_folder_2\cg1914p2_page_694.png,rice,3388,4421,3513,4422,3513,4481,3388,4480
311,../Crop_Reports/Bengal Crop Reports PNG/cg1914p2_folder_2\cg1914p2_page_694.png,madarpur,524,4488,883,4494,882,4566,523,4560
312,../Crop_Reports/Bengal Crop Reports PNG/cg1914p2_folder_2\cg1914p2_page_694.png,..,911,4530,974,4531,974,4547,911,4546
313,../Crop_Reports/Bengal Crop Reports PNG/cg1914p2_folder_2\cg1914p2_page_694.png,7,1146,4484,1183,4484,1183,4559,1146,4559
314,../Crop_Reports/Bengal Crop Reports PNG/cg1914p2_folder_2\cg1914p2_page_694.png,20,1185,4484,1235,4484,1235,4559,1185,4559
315,../Crop_Reports/Bengal Crop Reports PNG/cg1914p2_folder_2\cg1914p2_page_694.png,7,1468,4492,1499,4492,1499,4551,1468,4551
316,../Crop_Reports/Bengal Crop Reports PNG/cg1914p2_folder_2\cg1914p2_page_694.png,7,1772,4496,1803,4496,1803,4555,1772,4555
317,../Crop_Reports/Bengal Crop Reports PNG/cg1914p2_folder_2\cg1914p2_page_694.png,are,2832,4594,2931,4593,2931,4634,2832,4635
318,../Crop_Reports/Bengal Crop Reports PNG/cg1914p2_folder_2\cg1914p2_page_694.png,sufficient.,3012,4577,3343,4573,3344,4635,3013,4639
319,../Crop_Reports/Bengal Crop Reports PNG/cg1914p2_folder_2\cg1914p2_page_694.png,no,3418,4576,3517,4575,3518,4638,3419,4639
320,../Crop_Reports/Bengal Crop Reports PNG/cg1914p2_folder_2\cg1914p2_page_694.png,the,2652,4657,2817,4659,2816,4718,2651,4716
321,../Crop_Reports/Bengal Crop Reports PNG/cg1914p2_folder_2\cg1914p2_page_694.png,prices,2851,4668,3051,4670,3050,4720,2850,4718
322,../Crop_Reports/Bengal Crop Reports PNG/cg1914p2_folder_2\cg1914p2_page_694.png,of,3079,4662,3141,4663,3140,4712,3079,4711
323,../Crop_Reports/Bengal Crop Reports PNG/cg1914p2_folder_2\cg1914p2_page_694.png,rice,3210,4671,3334,4672,3334,4713,3210,4712
324,../Crop_Reports/Bengal Crop Reports PNG/cg1914p2_folder_2\cg1914p2_page_694.png,are,3398,4672,3501,4673,3501,4714,3398,4713
325,../Crop_Reports/Bengal Crop Reports PNG/cg1914p2_folder_2\cg1914p2_page_694.png,gopalganjt,524,4684,899,4684,899,4759,524,4759
326,../Crop_Reports/Bengal Crop Reports PNG/cg1914p2_folder_2\cg1914p2_page_694.png,3,1104,4688,1139,4688,1139,4747,1104,4747
327,../Crop_Reports/Bengal Crop Reports PNG/cg1914p2_folder_2\cg1914p2_page_694.png,35,1156,4692,1231,4692,1231,4752,1156,4752
328,../Crop_Reports/Bengal Crop Reports PNG/cg1914p2_folder_2\cg1914p2_page_694.png,7,1468,4690,1495,4691,1494,4748,1467,4747
329,../Crop_Reports/Bengal Crop Reports PNG/cg1914p2_folder_2\cg1914p2_page_694.png,24,376,5010,445,5010,445,5067,376,5067
330,../Crop_Reports/Bengal Crop Reports PNG/cg1914p2_folder_2\cg1914p2_page_694.png,(,486,4996,533,4996,533,5071,486,5071
331,../Crop_Reports/Bengal Crop Reports PNG/cg1914p2_folder_2\cg1914p2_page_694.png,bakarganj,522,5002,925,5002,925,5061,522,5061
332,../Crop_Reports/Bengal Crop Reports PNG/cg1914p2_folder_2\cg1914p2_page_694.png,(abisal).,568,5079,927,5074,928,5150,569,5155
333,../Crop_Reports/Bengal Crop Reports PNG/cg1914p2_folder_2\cg1914p2_page_694.png,|,1999,4998,2054,4998,2054,5067,1999,5067
334,../Crop_Reports/Bengal Crop Reports PNG/cg1914p2_folder_2\cg1914p2_page_694.png,weather,2056,4998,2334,4999,2334,5069,2056,5068
335,../Crop_Reports/Bengal Crop Reports PNG/cg1914p2_folder_2\cg1914p2_page_694.png,se.asonable,2381,5002,2740,5003,2740,5061,2381,5060
336,../Crop_Reports/Bengal Crop Reports PNG/cg1914p2_folder_2\cg1914p2_page_694.png,!,2028,5082,2083,5082,2083,5157,2028,5157
337,../Crop_Reports/Bengal Crop Reports PNG/cg1914p2_folder_2\cg1914p2_page_694.png,standng,2088,5082,2375,5082,2375,5157,2088,5157
338,../Crop_Reports/Bengal Crop Reports PNG/cg1914p2_folder_2\cg1914p2_page_694.png,ciops,2432,5098,2611,5098,2611,5157,2432,5157
339,../Crop_Reports/Bengal Crop Reports PNG/cg1914p2_folder_2\cg1914p2_page_694.png,are,2670,5100,2771,5100,2771,5141,2670,5141
340,../Crop_Reports/Bengal Crop Reports PNG/cg1914p2_folder_2\cg1914p2_page_694.png,good,2840,5086,2997,5086,2997,5155,2840,5155
341,../Crop_Reports/Bengal Crop Reports PNG/cg1914p2_folder_2\cg1914p2_page_694.png,and,3028,5084,3147,5084,3147,5141,3028,5141
342,../Crop_Reports/Bengal Crop Reports PNG/cg1914p2_folder_2\cg1914p2_page_694.png,it,3182,5086,3233,5086,3233,5141,3182,5141
343,../Crop_Reports/Bengal Crop Reports PNG/cg1914p2_folder_2\cg1914p2_page_694.png,is,3288,5086,3343,5086,3343,5143,3288,5143
344,../Crop_Reports/Bengal Crop Reports PNG/cg1914p2_folder_2\cg1914p2_page_694.png,also,3398,5088,3529,5088,3529,5147,3398,5147
345,../Crop_Reports/Bengal Crop Reports PNG/cg1914p2_folder_2\cg1914p2_page_694.png,favourable,2076,5152,2431,5155,2430,5215,2075,5212
346,../Crop_Reports/Bengal Crop Reports PNG/cg1914p2_folder_2\cg1914p2_page_694.png,for,2468,5148,2559,5149,2558,5216,2467,5215
347,../Crop_Reports/Bengal Crop Reports PNG/cg1914p2_folder_2\cg1914p2_page_694.png,transplantat1on,2580,5148,3151,5153,3150,5233,2579,5228
348,../Crop_Reports/Bengal Crop Reports PNG/cg1914p2_folder_2\cg1914p2_page_694.png,of,3180,5162,3247,5163,3246,5222,3179,5221
349,../Crop_Reports/Bengal Crop Reports PNG/cg1914p2_folder_2\cg1914p2_page_694.png,winter,3304,5162,3531,5164,3530,5224,3303,5222
350,../Crop_Reports/Bengal Crop Reports PNG/cg1914p2_folder_2\cg1914p2_page_694.png,rice.,2058,5231,2285,5233,2284,5299,2057,5297
351,../Crop_Reports/Bengal Crop Reports PNG/cg1914p2_folder_2\cg1914p2_page_694.png,fodder,2311,5234,2560,5236,2559,5301,2310,5299
352,../Crop_Reports/Bengal Crop Reports PNG/cg1914p2_folder_2\cg1914p2_page_694.png,and,2592,5236,2712,5237,2712,5295,2592,5294
353,../Crop_Reports/Bengal Crop Reports PNG/cg1914p2_folder_2\cg1914p2_page_694.png,wa,2786,5256,2867,5257,2867,5296,2786,5295
354,../Crop_Reports/Bengal Crop Reports PNG/cg1914p2_folder_2\cg1914p2_page_694.png,ter,2882,5247,2966,5248,2966,5297,2882,5296
355,../Crop_Reports/Bengal Crop Reports PNG/cg1914p2_folder_2\cg1914p2_page_694.png,prospects,2074,5310,2399,5313,2398,5386,2073,5383
356,../Crop_Reports/Bengal Crop Reports PNG/cg1914p2_folder_2\cg1914p2_page_694.png,of,2445,5312,2508,5313,2507,5371,2444,5370
357,../Crop_Reports/Bengal Crop Reports PNG/cg1914p2_folder_2\cg1914p2_page_694.png,aus,2575,5328,2699,5329,2699,5373,2575,5372
358,../Crop_Reports/Bengal Crop Reports PNG/cg1914p2_folder_2\cg1914p2_page_694.png,and,2764,5317,2888,5318,2887,5376,2763,5375
359,../Crop_Reports/Bengal Crop Reports PNG/cg1914p2_folder_2\cg1914p2_page_694.png,jute,2960,5317,3091,5318,3090,5394,2959,5393
360,../Crop_Reports/Bengal Crop Reports PNG/cg1914p2_folder_2\cg1914p2_page_694.png,are,3183,5335,3286,5336,3286,5380,3183,5379
361,../Crop_Reports/Bengal Crop Reports PNG/cg1914p2_folder_2\cg1914p2_page_694.png,good.,3352,5321,3527,5323,3526,5397,3351,5395
362,../Crop_Reports/Bengal Crop Reports PNG/cg1914p2_folder_2\cg1914p2_page_694.png,harvesting,2074,5388,2465,5391,2464,5468,2073,5465
363,../Crop_Reports/Bengal Crop Reports PNG/cg1914p2_folder_2\cg1914p2_page_694.png,of,2510,5392,2573,5393,2572,5452,2509,5451
364,../Crop_Reports/Bengal Crop Reports PNG/cg1914p2_folder_2\cg1914p2_page_694.png,jute,2628,5395,2761,5396,2760,5471,2627,5470
365,../Crop_Reports/Bengal Crop Reports PNG/cg1914p2_folder_2\cg1914p2_page_694.png,and,2812,5396,2937,5397,2936,5458,2811,5457
366,../Crop_Reports/Bengal Crop Reports PNG/cg1914p2_folder_2\cg1914p2_page_694.png,aus,2976,5393,3171,5395,3170,5475,2975,5473
367,../Crop_Reports/Bengal Crop Reports PNG/cg1914p2_folder_2\cg1914p2_page_694.png,continues.,3168,5408,3523,5411,3523,5462,3168,5459
368,../Crop_Reports/Bengal Crop Reports PNG/cg1914p2_folder_2\cg1914p2_page_694.png,no,2075,5466,2169,5467,2169,5527,2075,5526
369,../Crop_Reports/Bengal Crop Reports PNG/cg1914p2_folder_2\cg1914p2_page_694.png,cattle-disease,2253,5463,2712,5467,2711,5533,2252,5529
370,../Crop_Reports/Bengal Crop Reports PNG/cg1914p2_folder_2\cg1914p2_page_694.png,mathbaria,2074,5544,2429,5552,2427,5612,2073,5604
371,../Crop_Reports/Bengal Crop Reports PNG/cg1914p2_folder_2\cg1914p2_page_694.png,and,2458,5549,2579,5552,2578,5609,2457,5606
372,../Crop_Reports/Bengal Crop Reports PNG/cg1914p2_folder_2\cg1914p2_page_694.png,pirojpur.,2612,5548,2923,5555,2921,5631,2610,5624
373,../Crop_Reports/Bengal Crop Reports PNG/cg1914p2_folder_2\cg1914p2_page_694.png,221,1108,5000,1227,4999,1228,5062,1109,5063
374,../Crop_Reports/Bengal Crop Reports PNG/cg1914p2_folder_2\cg1914p2_page_694.png,7,1772,5006,1801,5006,1801,5063,1772,5063
375,../Crop_Reports/Bengal Crop Reports PNG/cg1914p2_folder_2\cg1914p2_page_694.png,its,2842,5003,2932,5005,2931,5064,2841,5062
376,../Crop_Reports/Bengal Crop Reports PNG/cg1914p2_folder_2\cg1914p2_page_694.png,its,2857,5000,2977,5001,2976,5072,2856,5071
377,../Crop_Reports/Bengal Crop Reports PNG/cg1914p2_folder_2\cg1914p2_page_694.png,effects,3008,5006,3229,5009,3228,5069,3007,5066
378,../Crop_Reports/Bengal Crop Reports PNG/cg1914p2_folder_2\cg1914p2_page_694.png,on,3269,5005,3385,5006,3384,5077,3268,5076
379,../Crop_Reports/Bengal Crop Reports PNG/cg1914p2_folder_2\cg1914p2_page_694.png,the,3418,5007,3527,5008,3526,5071,3417,5070
380,../Crop_Reports/Bengal Crop Reports PNG/cg1914p2_folder_2\cg1914p2_page_694.png,pirojpur,520,5195,815,5188,817,5268,522,5275
381,../Crop_Reports/Bengal Crop Reports PNG/cg1914p2_folder_2\cg1914p2_page_694.png,8,1132,5194,1170,5195,1169,5266,1131,5265
382,../Crop_Reports/Bengal Crop Reports PNG/cg1914p2_folder_2\cg1914p2_page_694.png,50,1161,5199,1232,5200,1231,5257,1160,5256
383,../Crop_Reports/Bengal Crop Reports PNG/cg1914p2_folder_2\cg1914p2_page_694.png,6*,1464,5194,1531,5195,1530,5262,1463,5261
384,../Crop_Reports/Bengal Crop Reports PNG/cg1914p2_folder_2\cg1914p2_page_694.png,6%,1769,5196,1835,5197,1834,5265,1768,5264
385,../Crop_Reports/Bengal Crop Reports PNG/cg1914p2_folder_2\cg1914p2_page_694.png,ate,3040,5259,3143,5260,3142,5300,3039,5299
386,../Crop_Reports/Bengal Crop Reports PNG/cg1914p2_folder_2\cg1914p2_page_694.png,yufticient.,3198,5239,3529,5243,3528,5302,3197,5298
387,../Crop_Reports/Bengal Crop Reports PNG/cg1914p2_folder_2\cg1914p2_page_694.png,patuakhali...,518,5340,975,5353,973,5429,516,5416
388,../Crop_Reports/Bengal Crop Reports PNG/cg1914p2_folder_2\cg1914p2_page_694.png,979,1104,5352,1231,5350,1232,5417,1105,5419
389,../Crop_Reports/Bengal Crop Reports PNG/cg1914p2_folder_2\cg1914p2_page_694.png,7,1468,5348,1495,5348,1495,5411,1468,5411
390,../Crop_Reports/Bengal Crop Reports PNG/cg1914p2_folder_2\cg1914p2_page_694.png,7,1772,5352,1799,5353,1798,5416,1771,5415
391,../Crop_Reports/Bengal Crop Reports PNG/cg1914p2_folder_2\cg1914p2_page_694.png,pt,2801,5494,3021,5484,3024,5548,2804,5558
392,../Crop_Reports/Bengal Crop Reports PNG/cg1914p2_folder_2\cg1914p2_page_694.png,except,2804,5480,3025,5486,3023,5555,2802,5550
393,../Crop_Reports/Bengal Crop Reports PNG/cg1914p2_folder_2\cg1914p2_page_694.png,in,3124,5482,3192,5484,3191,5539,3123,5537
394,../Crop_Reports/Bengal Crop Reports PNG/cg1914p2_folder_2\cg1914p2_page_694.png,thanas,3308,5480,3527,5479,3527,5538,3308,5539
395,../Crop_Reports/Bengal Crop Reports PNG/cg1914p2_folder_2\cg1914p2_page_694.png,dakshin,518,5509,803,5506,804,5568,519,5571
396,../Crop_Reports/Bengal Crop Reports PNG/cg1914p2_folder_2\cg1914p2_page_694.png,sha-,830,5508,977,5506,978,5566,831,5568
397,../Crop_Reports/Bengal Crop Reports PNG/cg1914p2_folder_2\cg1914p2_page_694.png,bazpur,568,5588,805,5588,805,5669,568,5669
398,../Crop_Reports/Bengal Crop Reports PNG/cg1914p2_folder_2\cg1914p2_page_694.png,(bhola).,560,5652,839,5654,838,5741,559,5739
399,../Crop_Reports/Bengal Crop Reports PNG/cg1914p2_folder_2\cg1914p2_page_694.png,616,1770,5511,1877,5514,1875,5589,1768,5586
400,../Crop_Reports/Bengal Crop Reports PNG/cg1914p2_folder_2\cg1914p2_page_694.png,7,1828,5511,1847,5511,1848,5544,1829,5544
401,../Crop_Reports/Bengal Crop Reports PNG/cg1914p2_folder_2\cg1914p2_page_694.png,4:96,1104,5518,1231,5516,1232,5569,1105,5571
402,../Crop_Reports/Bengal Crop Reports PNG/cg1914p2_folder_2\cg1914p2_page_694.png,munatigsaj,488,5894,749,5894,749,5949,488,5949
403,../Crop_Reports/Bengal Crop Reports PNG/cg1914p2_folder_2\cg1914p2_page_694.png,bejog,770,5890,897,5890,897,5949,770,5949
404,../Crop_Reports/Bengal Crop Reports PNG/cg1914p2_folder_2\cg1914p2_page_694.png,very,896,5908,995,5908,995,5949,896,5949
405,../Crop_Reports/Bengal Crop Reports PNG/cg1914p2_folder_2\cg1914p2_page_694.png,pear,1010,5890,1117,5890,1117,5949,1010,5949
406,../Crop_Reports/Bengal Crop Reports PNG/cg1914p2_folder_2\cg1914p2_page_694.png,to,1120,5890,1177,5890,1177,5949,1120,5949
407,../Crop_Reports/Bengal Crop Reports PNG/cg1914p2_folder_2\cg1914p2_page_694.png,dacca,1198,5898,1329,5898,1329,5949,1198,5949
408,../Crop_Reports/Bengal Crop Reports PNG/cg1914p2_folder_2\cg1914p2_page_694.png,and,1358,5896,1437,5896,1437,5949,1358,5949
409,../Crop_Reports/Bengal Crop Reports PNG/cg1914p2_folder_2\cg1914p2_page_694.png,narayangan),1470,5896,1765,5896,1765,5949,1470,5949
410,../Crop_Reports/Bengal Crop Reports PNG/cg1914p2_folder_2\cg1914p2_page_694.png,its,1798,5898,1851,5898,1851,5937,1798,5937
411,../Crop_Reports/Bengal Crop Reports PNG/cg1914p2_folder_2\cg1914p2_page_694.png,rabnfall,1882,5898,2041,5898,2041,5949,1882,5949
412,../Crop_Reports/Bengal Crop Reports PNG/cg1914p2_folder_2\cg1914p2_page_694.png,atatistion,2070,5890,2297,5890,2297,5949,2070,5949
413,../Crop_Reports/Bengal Crop Reports PNG/cg1914p2_folder_2\cg1914p2_page_694.png,are,2306,5908,2369,5908,2369,5935,2306,5935
414,../Crop_Reports/Bengal Crop Reports PNG/cg1914p2_folder_2\cg1914p2_page_694.png,not,2406,5908,2471,5908,2471,5935,2406,5935
415,../Crop_Reports/Bengal Crop Reports PNG/cg1914p2_folder_2\cg1914p2_page_694.png,quoted,2508,5898,2649,5898,2649,5945,2508,5945
416,../Crop_Reports/Bengal Crop Reports PNG/cg1914p2_folder_2\cg1914p2_page_694.png,to,2712,5896,2771,5896,2771,5935,2712,5935
417,../Crop_Reports/Bengal Crop Reports PNG/cg1914p2_folder_2\cg1914p2_page_694.png,give,2804,5898,2891,5898,2891,5945,2804,5945
418,../Crop_Reports/Bengal Crop Reports PNG/cg1914p2_folder_2\cg1914p2_page_694.png,informnation,2928,5896,3178,5896,3178,5935,2928,5935
419,../Crop_Reports/Bengal Crop Reports PNG/cg1914p2_folder_2\cg1914p2_page_694.png,rngarlng,3216,5892,3419,5892,3419,5941,3216,5941
420,../Crop_Reports/Bengal Crop Reports PNG/cg1914p2_folder_2\cg1914p2_page_694.png,be,3470,5894,3517,5894,3517,5931,3470,5931
421,../Crop_Reports/Bengal Crop Reports PNG/cg1914p2_folder_2\cg1914p2_page_694.png,porthem,336,5944,527,5944,527,5999,336,5999
422,../Crop_Reports/Bengal Crop Reports PNG/cg1914p2_folder_2\cg1914p2_page_694.png,part,540,5954,641,5954,641,5999,540,5999
423,../Crop_Reports/Bengal Crop Reports PNG/cg1914p2_folder_2\cg1914p2_page_694.png,of,646,5942,691,5942,691,5999,646,5999
424,../Crop_Reports/Bengal Crop Reports PNG/cg1914p2_folder_2\cg1914p2_page_694.png,th,706,5942,777,5942,777,5999,706,5999
425,../Crop_Reports/Bengal Crop Reports PNG/cg1914p2_folder_2\cg1914p2_page_694.png,district,784,5942,965,5942,965,5999,784,5999
426,../Crop_Reports/Bengal Crop Reports PNG/cg1914p2_folder_2\cg1914p2_page_694.png,rainfall,970,5942,1137,5942,1137,5999,970,5999
427,../Crop_Reports/Bengal Crop Reports PNG/cg1914p2_folder_2\cg1914p2_page_694.png,fgures,1154,5946,1299,5946,1299,5999,1154,5999
428,../Crop_Reports/Bengal Crop Reports PNG/cg1914p2_folder_2\cg1914p2_page_694.png,for,1312,5948,1373,5948,1373,5989,1312,5989
429,../Crop_Reports/Bengal Crop Reports PNG/cg1914p2_folder_2\cg1914p2_page_694.png,kapasa,1390,5946,1565,5946,1565,5999,1390,5999
430,../Crop_Reports/Bengal Crop Reports PNG/cg1914p2_folder_2\cg1914p2_page_694.png,tlsna,1576,5942,1705,5942,1705,5999,1576,5999
431,../Crop_Reports/Bengal Crop Reports PNG/cg1914p2_folder_2\cg1914p2_page_694.png,are,1710,5942,1785,5942,1785,5999,1710,5999
432,../Crop_Reports/Bengal Crop Reports PNG/cg1914p2_folder_2\cg1914p2_page_694.png,reported,1798,5948,1983,5948,1983,5997,1798,5997
433,../Crop_Reports/Bengal Crop Reports PNG/cg1914p2_folder_2\cg1914p2_page_694.png,bere,1992,5946,2087,5946,2087,5987,1992,5987
434,../Crop_Reports/Bengal Crop Reports PNG/cg1914p2_folder_2\cg1914p2_page_694.png,+,462,5989,495,5989,495,6040,462,6040
435,../Crop_Reports/Bengal Crop Reports PNG/cg1914p2_folder_2\cg1914p2_page_694.png,befnfall,499,5989,669,5990,669,6042,499,6041
436,../Crop_Reports/Bengal Crop Reports PNG/cg1914p2_folder_2\cg1914p2_page_694.png,at,672,6000,718,6000,718,6032,672,6032
437,../Crop_Reports/Bengal Crop Reports PNG/cg1914p2_folder_2\cg1914p2_page_694.png,harldaspor,735,5990,991,5991,991,6043,735,6042
438,../Crop_Reports/Bengal Crop Reports PNG/cg1914p2_folder_2\cg1914p2_page_694.png,which,1012,5994,1139,5995,1139,6034,1012,6033
439,../Crop_Reports/Bengal Crop Reports PNG/cg1914p2_folder_2\cg1914p2_page_694.png,is,1158,5993,1201,5993,1201,6033,1158,6033
440,../Crop_Reports/Bengal Crop Reports PNG/cg1914p2_folder_2\cg1914p2_page_694.png,very,1210,6005,1302,6006,1302,6046,1210,6045
441,../Crop_Reports/Bengal Crop Reports PNG/cg1914p2_folder_2\cg1914p2_page_694.png,near,1313,5994,1431,5995,1431,6046,1313,6045
442,../Crop_Reports/Bengal Crop Reports PNG/cg1914p2_folder_2\cg1914p2_page_694.png,to,1429,5995,1474,5995,1474,6036,1429,6036
443,../Crop_Reports/Bengal Crop Reports PNG/cg1914p2_folder_2\cg1914p2_page_694.png,gopalgani,1504,5995,1752,5996,1752,6047,1504,6046
444,../Crop_Reports/Bengal Crop Reports PNG/cg1914p2_folder_2\cg1914p2_page_694.png,1n,1755,5996,1804,5996,1804,6048,1755,6048
445,../Crop_Reports/Bengal Crop Reports PNG/cg1914p2_folder_2\cg1914p2_page_694.png,nbo,1800,6005,1872,6005,1872,6035,1800,6035
446,../Crop_Reports/Bengal Crop Reports PNG/cg1914p2_folder_2\cg1914p2_page_694.png,wn,1883,6005,1942,6005,1942,6033,1883,6033
447,../Crop_Reports/Bengal Crop Reports PNG/cg1914p2_folder_2\cg1914p2_page_694.png,nere,1964,6006,2052,6006,2052,6035,1964,6035
448,../Crop_Reports/Bengal Crop Reports PNG/cg1914p2_folder_2\cg1914p2_page_694.png,(n),1753,6084,1821,6084,1821,6137,1753,6137
449,../Crop_Reports/Bengal Crop Reports PNG/cg1914p2_folder_2\cg1914p2_page_694.png,not,1846,6083,1930,6083,1930,6126,1846,6126
450,../Crop_Reports/Bengal Crop Reports PNG/cg1914p2_folder_2\cg1914p2_page_694.png,reported,1946,6081,2126,6081,2126,6134,1946,6134
451,../Crop_Reports/Bengal Crop Reports PNG/cg1914p2_folder_2\cg1914p2_page_694.png,::,975,3436,978,3530,913,3532,910,3438
0,../Crop_Reports/Bengal Crop Reports PNG/cg1914p2_folder_2\cg1914p2_page_695.png,1192,302,325,445,323,446,389,303,391
1,../Crop_Reports/Bengal Crop Reports PNG/cg1914p2_folder_2\cg1914p2_page_695.png,supplement,760,320,1323,320,1323,391,760,391
2,../Crop_Reports/Bengal Crop Reports PNG/cg1914p2_folder_2\cg1914p2_page_695.png,to,1368,320,1475,320,1475,387,1368,387
3,../Crop_Reports/Bengal Crop Reports PNG/cg1914p2_folder_2\cg1914p2_page_695.png,the,1512,320,1691,320,1691,387,1512,387
4,../Crop_Reports/Bengal Crop Reports PNG/cg1914p2_folder_2\cg1914p2_page_695.png,caloutta,1728,320,2167,320,2167,387,1728,387
5,../Crop_Reports/Bengal Crop Reports PNG/cg1914p2_folder_2\cg1914p2_page_695.png,gazette,2204,320,2611,320,2611,395,2204,395
6,../Crop_Reports/Bengal Crop Reports PNG/cg1914p2_folder_2\cg1914p2_page_695.png,aug.,2648,324,2848,324,2848,391,2648,391
7,../Crop_Reports/Bengal Crop Reports PNG/cg1914p2_folder_2\cg1914p2_page_695.png,12,2888,320,2983,320,2983,395,2888,395
8,../Crop_Reports/Bengal Crop Reports PNG/cg1914p2_folder_2\cg1914p2_page_695.png,1914.,3016,320,3183,320,3183,391,3016,391
9,../Crop_Reports/Bengal Crop Reports PNG/cg1914p2_folder_2\cg1914p2_page_695.png,prioe,1346,550,1487,551,1487,591,1346,590
10,../Crop_Reports/Bengal Crop Reports PNG/cg1914p2_folder_2\cg1914p2_page_695.png,op,1486,559,1537,559,1537,589,1486,589
11,../Crop_Reports/Bengal Crop Reports PNG/cg1914p2_folder_2\cg1914p2_page_695.png,oommon,1556,556,1726,558,1726,591,1556,589
12,../Crop_Reports/Bengal Crop Reports PNG/cg1914p2_folder_2\cg1914p2_page_695.png,bick,1748,558,1859,559,1859,596,1748,595
13,../Crop_Reports/Bengal Crop Reports PNG/cg1914p2_folder_2\cg1914p2_page_695.png,ik,1882,559,1923,559,1923,590,1882,590
14,../Crop_Reports/Bengal Crop Reports PNG/cg1914p2_folder_2\cg1914p2_page_695.png,orurs,1434,600,1573,600,1573,639,1434,639
15,../Crop_Reports/Bengal Crop Reports PNG/cg1914p2_folder_2\cg1914p2_page_695.png,peh,1588,600,1667,600,1667,633,1588,633
16,../Crop_Reports/Bengal Crop Reports PNG/cg1914p2_folder_2\cg1914p2_page_695.png,nopre,1690,602,1835,602,1835,635,1690,635
17,../Crop_Reports/Bengal Crop Reports PNG/cg1914p2_folder_2\cg1914p2_page_695.png,dietriots,599,622,762,623,762,664,599,663
18,../Crop_Reports/Bengal Crop Reports PNG/cg1914p2_folder_2\cg1914p2_page_695.png,aud,772,625,837,625,837,660,772,660
19,../Crop_Reports/Bengal Crop Reports PNG/cg1914p2_folder_2\cg1914p2_page_695.png,mbdivialona,592,662,847,662,847,703,592,703
20,../Crop_Reports/Bengal Crop Reports PNG/cg1914p2_folder_2\cg1914p2_page_695.png,ohamoler,2262,638,2451,640,2451,679,2262,677
21,../Crop_Reports/Bengal Crop Reports PNG/cg1914p2_folder_2\cg1914p2_page_695.png,of,2464,642,2501,642,2501,677,2464,677
22,../Crop_Reports/Bengal Crop Reports PNG/cg1914p2_folder_2\cg1914p2_page_695.png,tbo,2513,638,2609,639,2609,684,2513,683
23,../Crop_Reports/Bengal Crop Reports PNG/cg1914p2_folder_2\cg1914p2_page_695.png,wasther,2592,644,2757,645,2757,683,2592,682
24,../Crop_Reports/Bengal Crop Reports PNG/cg1914p2_folder_2\cg1914p2_page_695.png,so0ndislon,2773,640,2961,642,2961,688,2773,686
25,../Crop_Reports/Bengal Crop Reports PNG/cg1914p2_folder_2\cg1914p2_page_695.png,of,2958,642,2997,642,2997,679,2958,679
26,../Crop_Reports/Bengal Crop Reports PNG/cg1914p2_folder_2\cg1914p2_page_695.png,eroa,3012,650,3129,651,3129,687,3012,686
27,../Crop_Reports/Bengal Crop Reports PNG/cg1914p2_folder_2\cg1914p2_page_695.png,otde,3152,651,3225,652,3225,684,3152,683
28,../Crop_Reports/Bengal Crop Reports PNG/cg1914p2_folder_2\cg1914p2_page_695.png,kunfali,1056,644,1207,644,1207,675,1056,675
29,../Crop_Reports/Bengal Crop Reports PNG/cg1914p2_folder_2\cg1914p2_page_695.png,no.,341,670,410,670,410,706,341,706
30,../Crop_Reports/Bengal Crop Reports PNG/cg1914p2_folder_2\cg1914p2_page_695.png,provions,1646,724,1814,726,1814,764,1646,762
31,../Crop_Reports/Bengal Crop Reports PNG/cg1914p2_folder_2\cg1914p2_page_695.png,week.,1826,723,1932,724,1932,764,1826,763
32,../Crop_Reports/Bengal Crop Reports PNG/cg1914p2_folder_2\cg1914p2_page_695.png,:-,380,884,505,884,505,963,380,963
33,../Crop_Reports/Bengal Crop Reports PNG/cg1914p2_folder_2\cg1914p2_page_695.png,inches,1045,1039,1233,1038,1233,1098,1045,1099
34,../Crop_Reports/Bengal Crop Reports PNG/cg1914p2_folder_2\cg1914p2_page_695.png,weather,2008,1196,2303,1197,2303,1260,2008,1259
35,../Crop_Reports/Bengal Crop Reports PNG/cg1914p2_folder_2\cg1914p2_page_695.png,seasonable.,2368,1193,2759,1195,2759,1263,2368,1261
36,../Crop_Reports/Bengal Crop Reports PNG/cg1914p2_folder_2\cg1914p2_page_695.png,aman,2046,1292,2251,1292,2251,1335,2046,1335
37,../Crop_Reports/Bengal Crop Reports PNG/cg1914p2_folder_2\cg1914p2_page_695.png,paddy,2306,1277,2518,1277,2518,1350,2306,1350
38,../Crop_Reports/Bengal Crop Reports PNG/cg1914p2_folder_2\cg1914p2_page_695.png,has,2577,1277,2691,1277,2691,1336,2577,1336
39,../Crop_Reports/Bengal Crop Reports PNG/cg1914p2_folder_2\cg1914p2_page_695.png,commenced.,2721,1278,3143,1278,3143,1338,2721,1338
40,../Crop_Reports/Bengal Crop Reports PNG/cg1914p2_folder_2\cg1914p2_page_695.png,harvest-,3223,1277,3530,1277,3530,1344,3223,1344
41,../Crop_Reports/Bengal Crop Reports PNG/cg1914p2_folder_2\cg1914p2_page_695.png,ing,2048,1372,2159,1372,2159,1427,2048,1427
42,../Crop_Reports/Bengal Crop Reports PNG/cg1914p2_folder_2\cg1914p2_page_695.png,of,2188,1356,2255,1356,2255,1411,2188,1411
43,../Crop_Reports/Bengal Crop Reports PNG/cg1914p2_folder_2\cg1914p2_page_695.png,aus,2280,1372,2407,1372,2407,1411,2280,1411
44,../Crop_Reports/Bengal Crop Reports PNG/cg1914p2_folder_2\cg1914p2_page_695.png,is,2436,1348,2491,1348,2491,1411,2436,1411
45,../Crop_Reports/Bengal Crop Reports PNG/cg1914p2_folder_2\cg1914p2_page_695.png,nearly,2520,1356,2743,1356,2743,1427,2520,1427
46,../Crop_Reports/Bengal Crop Reports PNG/cg1914p2_folder_2\cg1914p2_page_695.png,completed.,2792,1356,3167,1356,3167,1427,2792,1427
47,../Crop_Reports/Bengal Crop Reports PNG/cg1914p2_folder_2\cg1914p2_page_695.png,outturn,3244,1356,3527,1356,3527,1423,3244,1423
48,../Crop_Reports/Bengal Crop Reports PNG/cg1914p2_folder_2\cg1914p2_page_695.png,in,2040,1420,2127,1421,2126,1492,2039,1491
49,../Crop_Reports/Bengal Crop Reports PNG/cg1914p2_folder_2\cg1914p2_page_695.png,the,2140,1421,2251,1422,2250,1493,2139,1492
50,../Crop_Reports/Bengal Crop Reports PNG/cg1914p2_folder_2\cg1914p2_page_695.png,satkunia,2268,1431,2575,1435,2574,1494,2267,1490
51,../Crop_Reports/Bengal Crop Reports PNG/cg1914p2_folder_2\cg1914p2_page_695.png,and,2600,1427,2723,1429,2722,1492,2599,1490
52,../Crop_Reports/Bengal Crop Reports PNG/cg1914p2_folder_2\cg1914p2_page_695.png,raojan,2752,1432,2991,1435,2990,1511,2751,1508
53,../Crop_Reports/Bengal Crop Reports PNG/cg1914p2_folder_2\cg1914p2_page_695.png,thauas,3020,1432,3247,1435,3246,1495,3019,1492
54,../Crop_Reports/Bengal Crop Reports PNG/cg1914p2_folder_2\cg1914p2_page_695.png,is,3272,1435,3331,1436,3330,1496,3271,1495
55,../Crop_Reports/Bengal Crop Reports PNG/cg1914p2_folder_2\cg1914p2_page_695.png,poor.,3348,1452,3531,1454,3530,1513,3347,1511
56,../Crop_Reports/Bengal Crop Reports PNG/cg1914p2_folder_2\cg1914p2_page_695.png,prospects,2044,1508,2379,1511,2378,1587,2043,1584
57,../Crop_Reports/Bengal Crop Reports PNG/cg1914p2_folder_2\cg1914p2_page_695.png,of,2408,1512,2471,1513,2470,1572,2408,1571
58,../Crop_Reports/Bengal Crop Reports PNG/cg1914p2_folder_2\cg1914p2_page_695.png,the,2500,1512,2611,1513,2610,1572,2500,1571
59,../Crop_Reports/Bengal Crop Reports PNG/cg1914p2_folder_2\cg1914p2_page_695.png,standng,2636,1509,2955,1512,2954,1595,2635,1592
60,../Crop_Reports/Bengal Crop Reports PNG/cg1914p2_folder_2\cg1914p2_page_695.png,crops,2968,1523,3151,1525,3150,1597,2967,1595
61,../Crop_Reports/Bengal Crop Reports PNG/cg1914p2_folder_2\cg1914p2_page_695.png,are,3196,1526,3303,1527,3302,1598,3195,1597
62,../Crop_Reports/Bengal Crop Reports PNG/cg1914p2_folder_2\cg1914p2_page_695.png,good.,3344,1515,3527,1517,3526,1601,3343,1599
63,../Crop_Reports/Bengal Crop Reports PNG/cg1914p2_folder_2\cg1914p2_page_695.png,cattle-disease,2040,1576,2519,1580,2518,1655,2039,1651
64,../Crop_Reports/Bengal Crop Reports PNG/cg1914p2_folder_2\cg1914p2_page_695.png,is,2560,1592,2619,1592,2619,1652,2560,1652
65,../Crop_Reports/Bengal Crop Reports PNG/cg1914p2_folder_2\cg1914p2_page_695.png,reported,2672,1581,2963,1583,2962,1667,2671,1665
66,../Crop_Reports/Bengal Crop Reports PNG/cg1914p2_folder_2\cg1914p2_page_695.png,from,3016,1592,3179,1593,3179,1652,3016,1651
67,../Crop_Reports/Bengal Crop Reports PNG/cg1914p2_folder_2\cg1914p2_page_695.png,garjania,3232,1586,3531,1588,3530,1671,3231,1669
68,../Crop_Reports/Bengal Crop Reports PNG/cg1914p2_folder_2\cg1914p2_page_695.png,in,2041,1668,2143,1668,2143,1739,2041,1739
69,../Crop_Reports/Bengal Crop Reports PNG/cg1914p2_folder_2\cg1914p2_page_695.png,coxs,2183,1667,2359,1666,2359,1738,2183,1739
70,../Crop_Reports/Bengal Crop Reports PNG/cg1914p2_folder_2\cg1914p2_page_695.png,buzar.,2400,1671,2615,1670,2615,1728,2400,1729
71,../Crop_Reports/Bengal Crop Reports PNG/cg1914p2_folder_2\cg1914p2_page_695.png,sufficient.,2036,1746,2373,1746,2373,1805,2036,1805
72,../Crop_Reports/Bengal Crop Reports PNG/cg1914p2_folder_2\cg1914p2_page_695.png,25,328,1202,399,1202,399,1263,328,1263
73,../Crop_Reports/Bengal Crop Reports PNG/cg1914p2_folder_2\cg1914p2_page_695.png,chittagong,440,1198,901,1198,901,1271,440,1271
74,../Crop_Reports/Bengal Crop Reports PNG/cg1914p2_folder_2\cg1914p2_page_695.png,4:54,1072,1198,1199,1197,1199,1255,1072,1256
75,../Crop_Reports/Bengal Crop Reports PNG/cg1914p2_folder_2\cg1914p2_page_695.png,8,1704,1196,1743,1196,1743,1259,1704,1259
76,../Crop_Reports/Bengal Crop Reports PNG/cg1914p2_folder_2\cg1914p2_page_695.png,transplantang,2896,1196,3403,1204,3402,1280,2895,1272
77,../Crop_Reports/Bengal Crop Reports PNG/cg1914p2_folder_2\cg1914p2_page_695.png,of,3463,1205,3531,1206,3530,1266,3462,1265
78,../Crop_Reports/Bengal Crop Reports PNG/cg1914p2_folder_2\cg1914p2_page_695.png,xs,472,1360,655,1358,656,1417,473,1419
79,../Crop_Reports/Bengal Crop Reports PNG/cg1914p2_folder_2\cg1914p2_page_695.png,zar,684,1359,873,1357,874,1414,685,1416
80,../Crop_Reports/Bengal Crop Reports PNG/cg1914p2_folder_2\cg1914p2_page_695.png,16:58(?),1024,1348,1267,1353,1266,1421,1023,1416
81,../Crop_Reports/Bengal Crop Reports PNG/cg1914p2_folder_2\cg1914p2_page_695.png,7,1704,1352,1747,1352,1747,1427,1704,1427
82,../Crop_Reports/Bengal Crop Reports PNG/cg1914p2_folder_2\cg1914p2_page_695.png,fodder,2720,1662,2967,1666,2966,1734,2719,1730
83,../Crop_Reports/Bengal Crop Reports PNG/cg1914p2_folder_2\cg1914p2_page_695.png,and,3018,1667,3147,1669,3146,1728,3017,1726
84,../Crop_Reports/Bengal Crop Reports PNG/cg1914p2_folder_2\cg1914p2_page_695.png,water,3200,1670,3397,1673,3396,1735,3199,1732
85,../Crop_Reports/Bengal Crop Reports PNG/cg1914p2_folder_2\cg1914p2_page_695.png,are,3422,1692,3527,1694,3526,1740,3421,1738
86,../Crop_Reports/Bengal Crop Reports PNG/cg1914p2_folder_2\cg1914p2_page_695.png,weather,1988,2218,2291,2221,2290,2282,1987,2279
87,../Crop_Reports/Bengal Crop Reports PNG/cg1914p2_folder_2\cg1914p2_page_695.png,seasonable.,2342,2217,2731,2220,2730,2281,2341,2278
88,../Crop_Reports/Bengal Crop Reports PNG/cg1914p2_folder_2\cg1914p2_page_695.png,harvesting,2812,2219,3205,2222,3204,2299,2811,2296
89,../Crop_Reports/Bengal Crop Reports PNG/cg1914p2_folder_2\cg1914p2_page_695.png,of,3258,2221,3325,2222,3325,2281,3258,2280
90,../Crop_Reports/Bengal Crop Reports PNG/cg1914p2_folder_2\cg1914p2_page_695.png,au8,3378,2238,3507,2239,3507,2286,3378,2285
91,../Crop_Reports/Bengal Crop Reports PNG/cg1914p2_folder_2\cg1914p2_page_695.png,paddy,2036,2300,2251,2301,2251,2373,2036,2372
92,../Crop_Reports/Bengal Crop Reports PNG/cg1914p2_folder_2\cg1914p2_page_695.png,and,2304,2298,2427,2299,2427,2358,2304,2357
93,../Crop_Reports/Bengal Crop Reports PNG/cg1914p2_folder_2\cg1914p2_page_695.png,cuttng,2484,2298,2739,2299,2739,2375,2484,2374
94,../Crop_Reports/Bengal Crop Reports PNG/cg1914p2_folder_2\cg1914p2_page_695.png,of,2764,2296,2831,2296,2831,2359,2764,2359
95,../Crop_Reports/Bengal Crop Reports PNG/cg1914p2_folder_2\cg1914p2_page_695.png,jute,2868,2292,3011,2293,3011,2377,2868,2376
96,../Crop_Reports/Bengal Crop Reports PNG/cg1914p2_folder_2\cg1914p2_page_695.png,are,3044,2314,3147,2315,3147,2362,3044,2361
97,../Crop_Reports/Bengal Crop Reports PNG/cg1914p2_folder_2\cg1914p2_page_695.png,going,3188,2302,3387,2303,3387,2379,3188,2378
98,../Crop_Reports/Bengal Crop Reports PNG/cg1914p2_folder_2\cg1914p2_page_695.png,on.,3412,2316,3519,2317,3519,2364,3412,2363
99,../Crop_Reports/Bengal Crop Reports PNG/cg1914p2_folder_2\cg1914p2_page_695.png,stocks,2038,2374,2261,2372,2262,2437,2039,2439
100,../Crop_Reports/Bengal Crop Reports PNG/cg1914p2_folder_2\cg1914p2_page_695.png,fodder,2036,2457,2285,2457,2285,2516,2036,2516
101,../Crop_Reports/Bengal Crop Reports PNG/cg1914p2_folder_2\cg1914p2_page_695.png,and,2358,2458,2485,2458,2485,2515,2358,2515
102,../Crop_Reports/Bengal Crop Reports PNG/cg1914p2_folder_2\cg1914p2_page_695.png,water,2552,2462,2750,2462,2750,2516,2552,2516
103,../Crop_Reports/Bengal Crop Reports PNG/cg1914p2_folder_2\cg1914p2_page_695.png,are,2801,2475,2904,2475,2904,2517,2801,2517
104,../Crop_Reports/Bengal Crop Reports PNG/cg1914p2_folder_2\cg1914p2_page_695.png,sufficient.,2984,2459,3320,2459,3320,2518,2984,2518
105,../Crop_Reports/Bengal Crop Reports PNG/cg1914p2_folder_2\cg1914p2_page_695.png,no,3424,2458,3522,2458,3522,2522,3424,2522
106,../Crop_Reports/Bengal Crop Reports PNG/cg1914p2_folder_2\cg1914p2_page_695.png,cattle-disease,2038,2534,2501,2538,2500,2599,2037,2595
107,../Crop_Reports/Bengal Crop Reports PNG/cg1914p2_folder_2\cg1914p2_page_695.png,is,2524,2537,2583,2538,2582,2595,2523,2594
108,../Crop_Reports/Bengal Crop Reports PNG/cg1914p2_folder_2\cg1914p2_page_695.png,reported.,2612,2533,2927,2536,2926,2612,2611,2609
109,../Crop_Reports/Bengal Crop Reports PNG/cg1914p2_folder_2\cg1914p2_page_695.png,26,311,2216,383,2217,382,2282,310,2281
110,../Crop_Reports/Bengal Crop Reports PNG/cg1914p2_folder_2\cg1914p2_page_695.png,tippera,423,2216,745,2221,744,2293,422,2288
111,../Crop_Reports/Bengal Crop Reports PNG/cg1914p2_folder_2\cg1914p2_page_695.png,(illa,508,2301,827,2301,827,2372,508,2372
112,../Crop_Reports/Bengal Crop Reports PNG/cg1914p2_folder_2\cg1914p2_page_695.png,).,847,2314,881,2314,881,2360,847,2360
113,../Crop_Reports/Bengal Crop Reports PNG/cg1914p2_folder_2\cg1914p2_page_695.png,6.36,1054,2220,1181,2220,1181,2277,1054,2277
114,../Crop_Reports/Bengal Crop Reports PNG/cg1914p2_folder_2\cg1914p2_page_695.png,7,1386,2216,1415,2216,1414,2275,1385,2275
115,../Crop_Reports/Bengal Crop Reports PNG/cg1914p2_folder_2\cg1914p2_page_695.png,7,1696,2218,1725,2218,1725,2277,1696,2277
116,../Crop_Reports/Bengal Crop Reports PNG/cg1914p2_folder_2\cg1914p2_page_695.png,of,2368,2376,2431,2377,2430,2439,2367,2439
117,../Crop_Reports/Bengal Crop Reports PNG/cg1914p2_folder_2\cg1914p2_page_695.png,food-grains,2536,2377,2931,2380,2930,2452,2535,2449
118,../Crop_Reports/Bengal Crop Reports PNG/cg1914p2_folder_2\cg1914p2_page_695.png,are,3032,2397,3135,2398,3134,2461,3031,2460
119,../Crop_Reports/Bengal Crop Reports PNG/cg1914p2_folder_2\cg1914p2_page_695.png,normal.,3256,2385,3523,2382,3524,2442,3257,2445
120,../Crop_Reports/Bengal Crop Reports PNG/cg1914p2_folder_2\cg1914p2_page_695.png,5,1048,2458,1083,2458,1082,2515,1047,2515
121,../Crop_Reports/Bengal Crop Reports PNG/cg1914p2_folder_2\cg1914p2_page_695.png,63,1108,2457,1179,2458,1178,2515,1107,2514
122,../Crop_Reports/Bengal Crop Reports PNG/cg1914p2_folder_2\cg1914p2_page_695.png,64,1692,2454,1763,2456,1761,2525,1690,2523
123,../Crop_Reports/Bengal Crop Reports PNG/cg1914p2_folder_2\cg1914p2_page_695.png,brahman-,456,2458,803,2458,803,2517,456,2517
124,../Crop_Reports/Bengal Crop Reports PNG/cg1914p2_folder_2\cg1914p2_page_695.png,baria.,508,2536,695,2536,695,2595,508,2595
125,../Crop_Reports/Bengal Crop Reports PNG/cg1914p2_folder_2\cg1914p2_page_695.png,chandpar,452,2608,795,2615,793,2691,450,2684
126,../Crop_Reports/Bengal Crop Reports PNG/cg1914p2_folder_2\cg1914p2_page_695.png,5:44,1048,2612,1175,2612,1175,2671,1048,2671
127,../Crop_Reports/Bengal Crop Reports PNG/cg1914p2_folder_2\cg1914p2_page_695.png,64,1380,2612,1449,2613,1448,2683,1379,2682
128,../Crop_Reports/Bengal Crop Reports PNG/cg1914p2_folder_2\cg1914p2_page_695.png,27,298,2928,367,2929,367,2988,298,2987
129,../Crop_Reports/Bengal Crop Reports PNG/cg1914p2_folder_2\cg1914p2_page_695.png,nuakhali,410,2920,799,2923,798,2995,409,2992
130,../Crop_Reports/Bengal Crop Reports PNG/cg1914p2_folder_2\cg1914p2_page_695.png,weather,1992,2932,2295,2933,2295,2992,1992,2991
131,../Crop_Reports/Bengal Crop Reports PNG/cg1914p2_folder_2\cg1914p2_page_695.png,seasonable.,2360,2929,2747,2931,2747,2995,2360,2993
132,../Crop_Reports/Bengal Crop Reports PNG/cg1914p2_folder_2\cg1914p2_page_695.png,transplantation,2824,2927,3391,2929,3391,3005,2824,3003
133,../Crop_Reports/Bengal Crop Reports PNG/cg1914p2_folder_2\cg1914p2_page_695.png,of,3444,2934,3511,2934,3511,2993,3444,2993
134,../Crop_Reports/Bengal Crop Reports PNG/cg1914p2_folder_2\cg1914p2_page_695.png,winter,2039,3014,2274,3015,2274,3070,2039,3069
135,../Crop_Reports/Bengal Crop Reports PNG/cg1914p2_folder_2\cg1914p2_page_695.png,rice,2338,3025,2466,3025,2466,3068,2338,3068
136,../Crop_Reports/Bengal Crop Reports PNG/cg1914p2_folder_2\cg1914p2_page_695.png,and,2520,3013,2647,3013,2647,3068,2520,3068
137,../Crop_Reports/Bengal Crop Reports PNG/cg1914p2_folder_2\cg1914p2_page_695.png,harvesting,2702,3013,3076,3014,3076,3082,2702,3081
138,../Crop_Reports/Bengal Crop Reports PNG/cg1914p2_folder_2\cg1914p2_page_695.png,of,3117,3015,3181,3015,3181,3069,3117,3069
139,../Crop_Reports/Bengal Crop Reports PNG/cg1914p2_folder_2\cg1914p2_page_695.png,aus,3227,3015,3416,3016,3416,3083,3227,3082
140,../Crop_Reports/Bengal Crop Reports PNG/cg1914p2_folder_2\cg1914p2_page_695.png,are,3404,3028,3508,3028,3508,3070,3404,3070
141,../Crop_Reports/Bengal Crop Reports PNG/cg1914p2_folder_2\cg1914p2_page_695.png,going,2036,3103,2235,3102,2235,3170,2036,3171
142,../Crop_Reports/Bengal Crop Reports PNG/cg1914p2_folder_2\cg1914p2_page_695.png,on.,2260,3103,2363,3103,2363,3170,2260,3170
143,../Crop_Reports/Bengal Crop Reports PNG/cg1914p2_folder_2\cg1914p2_page_695.png,progress,2444,3090,2743,3089,2743,3165,2444,3166
144,../Crop_Reports/Bengal Crop Reports PNG/cg1914p2_folder_2\cg1914p2_page_695.png,of,2772,3089,2835,3089,2835,3152,2772,3152
145,../Crop_Reports/Bengal Crop Reports PNG/cg1914p2_folder_2\cg1914p2_page_695.png,cuttng,2864,3092,3119,3091,3119,3167,2864,3168
146,../Crop_Reports/Bengal Crop Reports PNG/cg1914p2_folder_2\cg1914p2_page_695.png,and,3144,3091,3267,3090,3267,3149,3144,3150
147,../Crop_Reports/Bengal Crop Reports PNG/cg1914p2_folder_2\cg1914p2_page_695.png,steep-,3312,3094,3515,3093,3515,3165,3312,3166
148,../Crop_Reports/Bengal Crop Reports PNG/cg1914p2_folder_2\cg1914p2_page_695.png,ing,2038,3170,2149,3170,2149,3243,2038,3243
149,../Crop_Reports/Bengal Crop Reports PNG/cg1914p2_folder_2\cg1914p2_page_695.png,of,2216,3168,2279,3168,2279,3227,2216,3227
150,../Crop_Reports/Bengal Crop Reports PNG/cg1914p2_folder_2\cg1914p2_page_695.png,jute,2342,3174,2475,3174,2475,3245,2342,3245
151,../Crop_Reports/Bengal Crop Reports PNG/cg1914p2_folder_2\cg1914p2_page_695.png,is,2544,3172,2599,3172,2599,3229,2544,3229
152,../Crop_Reports/Bengal Crop Reports PNG/cg1914p2_folder_2\cg1914p2_page_695.png,very,2664,3186,2823,3186,2823,3249,2664,3249
153,../Crop_Reports/Bengal Crop Reports PNG/cg1914p2_folder_2\cg1914p2_page_695.png,slow,2894,3168,3163,3168,3163,3249,2894,3249
154,../Crop_Reports/Bengal Crop Reports PNG/cg1914p2_folder_2\cg1914p2_page_695.png,owing,3152,3188,3369,3188,3369,3247,3152,3247
155,../Crop_Reports/Bengal Crop Reports PNG/cg1914p2_folder_2\cg1914p2_page_695.png,to,3450,3178,3515,3178,3515,3231,3450,3231
156,../Crop_Reports/Bengal Crop Reports PNG/cg1914p2_folder_2\cg1914p2_page_695.png,stoppage,2032,3255,2335,3254,2335,3330,2032,3331
157,../Crop_Reports/Bengal Crop Reports PNG/cg1914p2_folder_2\cg1914p2_page_695.png,reported,2034,3327,2325,3324,2326,3396,2035,3399
158,../Crop_Reports/Bengal Crop Reports PNG/cg1914p2_folder_2\cg1914p2_page_695.png,from,2358,3325,2517,3324,2518,3385,2359,3386
159,../Crop_Reports/Bengal Crop Reports PNG/cg1914p2_folder_2\cg1914p2_page_695.png,parsuram,2550,3325,2887,3322,2888,3384,2551,3387
160,../Crop_Reports/Bengal Crop Reports PNG/cg1914p2_folder_2\cg1914p2_page_695.png,thana.,2918,3326,3131,3324,3132,3386,2919,3388
161,../Crop_Reports/Bengal Crop Reports PNG/cg1914p2_folder_2\cg1914p2_page_695.png,5.30,1046,2926,1175,2926,1175,2985,1046,2985
162,../Crop_Reports/Bengal Crop Reports PNG/cg1914p2_folder_2\cg1914p2_page_695.png,64,1374,2928,1445,2928,1445,2997,1374,2997
163,../Crop_Reports/Bengal Crop Reports PNG/cg1914p2_folder_2\cg1914p2_page_695.png,7,1696,2928,1723,2928,1723,2987,1696,2987
164,../Crop_Reports/Bengal Crop Reports PNG/cg1914p2_folder_2\cg1914p2_page_695.png,feni,444,3086,599,3087,599,3146,444,3145
165,../Crop_Reports/Bengal Crop Reports PNG/cg1914p2_folder_2\cg1914p2_page_695.png,6-30,1044,3084,1175,3084,1175,3147,1044,3147
166,../Crop_Reports/Bengal Crop Reports PNG/cg1914p2_folder_2\cg1914p2_page_695.png,in,2428,3266,2496,3265,2496,3305,2428,3306
167,../Crop_Reports/Bengal Crop Reports PNG/cg1914p2_folder_2\cg1914p2_page_695.png,sale.,2594,3248,2745,3247,2746,3306,2595,3307
168,../Crop_Reports/Bengal Crop Reports PNG/cg1914p2_folder_2\cg1914p2_page_695.png,cattlo-disease,2884,3244,3367,3254,3366,3318,2883,3308
169,../Crop_Reports/Bengal Crop Reports PNG/cg1914p2_folder_2\cg1914p2_page_695.png,18,3455,3266,3512,3265,3513,3309,3456,3310
170,../Crop_Reports/Bengal Crop Reports PNG/cg1914p2_folder_2\cg1914p2_page_695.png,28,290,3557,361,3558,360,3625,289,3624
171,../Crop_Reports/Bengal Crop Reports PNG/cg1914p2_folder_2\cg1914p2_page_695.png,|,395,3556,439,3557,438,3628,394,3627
172,../Crop_Reports/Bengal Crop Reports PNG/cg1914p2_folder_2\cg1914p2_page_695.png,utagong,438,3566,877,3572,876,3628,437,3622
173,../Crop_Reports/Bengal Crop Reports PNG/cg1914p2_folder_2\cg1914p2_page_695.png,hll,458,3638,631,3639,631,3698,458,3697
174,../Crop_Reports/Bengal Crop Reports PNG/cg1914p2_folder_2\cg1914p2_page_695.png,tracts,650,3641,913,3643,913,3702,650,3700
175,../Crop_Reports/Bengal Crop Reports PNG/cg1914p2_folder_2\cg1914p2_page_695.png,weather,1976,3560,2283,3562,2283,3625,1976,3623
176,../Crop_Reports/Bengal Crop Reports PNG/cg1914p2_folder_2\cg1914p2_page_695.png,cloudy.,2320,3558,2575,3560,2574,3636,2319,3634
177,../Crop_Reports/Bengal Crop Reports PNG/cg1914p2_folder_2\cg1914p2_page_695.png,the,2652,3560,2787,3561,2787,3625,2652,3624
178,../Crop_Reports/Bengal Crop Reports PNG/cg1914p2_folder_2\cg1914p2_page_695.png,prospects,2828,3565,3159,3567,3159,3639,2828,3637
179,../Crop_Reports/Bengal Crop Reports PNG/cg1914p2_folder_2\cg1914p2_page_695.png,of,3212,3561,3279,3561,3279,3624,3212,3624
180,../Crop_Reports/Bengal Crop Reports PNG/cg1914p2_folder_2\cg1914p2_page_695.png,jhum,3300,3561,3511,3562,3510,3641,3299,3640
181,../Crop_Reports/Bengal Crop Reports PNG/cg1914p2_folder_2\cg1914p2_page_695.png,no,2726,3634,2851,3634,2851,3701,2726,3701
182,../Crop_Reports/Bengal Crop Reports PNG/cg1914p2_folder_2\cg1914p2_page_695.png,caltle-di8oase,2894,3634,3362,3634,3362,3703,2894,3703
183,../Crop_Reports/Bengal Crop Reports PNG/cg1914p2_folder_2\cg1914p2_page_695.png,is,3450,3642,3511,3642,3511,3705,3450,3705
184,../Crop_Reports/Bengal Crop Reports PNG/cg1914p2_folder_2\cg1914p2_page_695.png,2-90,1044,3556,1172,3558,1171,3622,1043,3620
185,../Crop_Reports/Bengal Crop Reports PNG/cg1914p2_folder_2\cg1914p2_page_695.png,8,1370,3564,1404,3564,1404,3622,1370,3622
186,../Crop_Reports/Bengal Crop Reports PNG/cg1914p2_folder_2\cg1914p2_page_695.png,fair.,2446,3634,2589,3636,2588,3703,2445,3701
187,../Crop_Reports/Bengal Crop Reports PNG/cg1914p2_folder_2\cg1914p2_page_695.png,crop,2023,3658,2173,3659,2172,3714,2023,3713
188,../Crop_Reports/Bengal Crop Reports PNG/cg1914p2_folder_2\cg1914p2_page_695.png,rported.,2026,3715,2337,3713,2338,3793,2027,3795
189,../Crop_Reports/Bengal Crop Reports PNG/cg1914p2_folder_2\cg1914p2_page_695.png,are,2261,3659,2365,3659,2365,3698,2261,3698
190,../Crop_Reports/Bengal Crop Reports PNG/cg1914p2_folder_2\cg1914p2_page_695.png,calcutta,572,4052,947,4058,946,4122,571,4116
191,../Crop_Reports/Bengal Crop Reports PNG/cg1914p2_folder_2\cg1914p2_page_695.png,d,2410,4041,2459,4042,2458,4117,2409,4116
192,../Crop_Reports/Bengal Crop Reports PNG/cg1914p2_folder_2\cg1914p2_page_695.png,n.,2468,4050,2543,4051,2542,4114,2467,4113
193,../Crop_Reports/Bengal Crop Reports PNG/cg1914p2_folder_2\cg1914p2_page_695.png,mooji,2584,4051,2967,4057,2966,4125,2583,4119
194,../Crop_Reports/Bengal Crop Reports PNG/cg1914p2_folder_2\cg1914p2_page_695.png,the,392,4172,523,4174,522,4237,391,4235
195,../Crop_Reports/Bengal Crop Reports PNG/cg1914p2_folder_2\cg1914p2_page_695.png,11th,560,4174,707,4176,706,4240,559,4238
196,../Crop_Reports/Bengal Crop Reports PNG/cg1914p2_folder_2\cg1914p2_page_695.png,august,748,4177,1019,4181,1018,4252,747,4248
197,../Crop_Reports/Bengal Crop Reports PNG/cg1914p2_folder_2\cg1914p2_page_695.png,1914.,1068,4177,1235,4179,1234,4239,1067,4237
198,../Crop_Reports/Bengal Crop Reports PNG/cg1914p2_folder_2\cg1914p2_page_695.png,for,1958,4160,2079,4161,2078,4248,1957,4247
199,../Crop_Reports/Bengal Crop Reports PNG/cg1914p2_folder_2\cg1914p2_page_695.png,director,2080,4177,2375,4179,2374,4243,2079,4241
200,../Crop_Reports/Bengal Crop Reports PNG/cg1914p2_folder_2\cg1914p2_page_695.png,of,2416,4176,2495,4177,2494,4252,2415,4251
201,../Crop_Reports/Bengal Crop Reports PNG/cg1914p2_folder_2\cg1914p2_page_695.png,agriculture,2524,4172,2979,4176,2978,4256,2523,4252
202,../Crop_Reports/Bengal Crop Reports PNG/cg1914p2_folder_2\cg1914p2_page_695.png,bengal.,3024,4173,3291,4175,3290,4254,3023,4252